68191.581872
68191.571252
68191.571252
68191.578952
68191.58878
68191.6107
68191.606988
68191.615628
68191.593628
68191.582232
68191.565464
68191.542232
68191.522504
68191.538504
68191.558948
68191.541796
68191.542824
68191.525348
68191.55402
68191.526048
68191.523036
68191.522048
68191.524064
68191.536544
68191.54264
68191.561068
68191.57374
68191.572736
68191.573844
68191.581972
68191.547376
68191.526628
68191.523568
68191.533248
68191.555904
68191.550924
68191.57022
68191.559672
68191.574492
68191.57238
68191.57532
68191.585292
68191.608936
68191.615752
68191.598412
68191.605944
68191.623944
68191.621992
68191.63146
68191.60986
68191.599168
68191.603328
68191.603328
68191.609616
68191.617744
68191.632684
68191.624648
68191.607716
68191.617328
68191.611328
68191.590688
68191.603456
68191.609316
68191.581764
68191.580728
68191.580728
68191.572972
68191.579404
68191.566156
68191.569384
68191.561628
68191.541468
68191.54044
68191.54566
68191.55076
68191.554084
68191.555168
68191.533344
68191.524832
68191.507168
68191.523296
68191.522276
68191.531396
68191.517956
68191.53274
68191.555168
68191.56136
68191.58998
68191.611488
68191.58906
68191.597636
68191.601988
68191.59986
68191.594148
68191.599368
68191.6069
68191.624052
68191.639604
68191.626136
68191.630996
68191.620276
68191.626276
68191.6296
68191.636964
68191.639784
68191.64196
68191.63572
68191.627116
68191.627116
68191.632924
68191.606824
68191.602792
68191.615948
68191.613176
68191.590916
68191.576356
68191.572484
68191.561684
68191.543508
68191.519748
68191.494448
68191.498576
68191.505828
68191.492464
68191.502944
68191.48506
68191.506416
68191.503548
68191.499324
68191.483208
68191.496364
68191.506764
68191.520764
68191.513792
68191.521156
68191.530552
68191.518716
68191.514108
68191.524588
68191.530008
68191.539188
68191.531712
68191.546272
68191.556592
68191.559676
68191.5762
68191.582344
68191.586408
68191.5745
68191.54282
68191.56628
68191.55674
68191.5636
68191.56552
68191.584816
68191.585772
68191.579532
68191.589852
68191.602332
68191.603296
68191.613776
68191.614796
68191.624956
68191.633848
68191.623528
68191.619432
68191.613144
68191.606116
68191.600456
68191.599452
68191.581568
68191.591036
68191.574776
68191.590264
68191.596792
68191.598808
68191.616216
68191.62446
68191.6188
68191.62976
68191.652692
68191.663172
68191.662152
68191.679432
68191.682684
68191.694588
68191.702652
68191.724252
68191.715804
68191.732328
68191.722284
68191.7179
68191.724536
68191.718632
68191.712892
68191.702492
68191.71478
68191.70444
68191.69934
68191.696328
68191.708712
68191.698312
68191.702696
68191.71972
68191.727848
68191.741288
68191.74466
68191.74466
68191.757712
68191.785792
68191.786724
68191.791744
68191.786844
68191.80174
68191.793928
68191.784008
68191.801828
68191.797956
68191.781316
68191.8024
68191.80954
68191.798144
68191.802016
68191.80546
68191.790116
68191.798692
68191.799736
68191.833924
68191.811664
68191.809472
68191.807456
68191.804204
68191.802076
68191.7895
68191.778544
68191.787868
68191.80102
68191.82192
68191.815728
68191.815728
68191.813488
68191.81768
68191.821808
68191.824032
68191.816892
68191.812156
68191.815964
68191.833116
68191.836392
68191.843868
68191.854736
68191.830736
68191.81978
68191.818704
68191.817676
68191.798432
68191.812732
68191.808796
68191.818556
68191.829884
68191.815896
68191.817108
68191.83178
68191.847012
68191.864164
68191.866324
68191.883424
68191.903296
68191.914176
68191.889796
68191.8877
68191.903044
68191.903044
68191.89642
68191.884996
68191.89604
68191.88772
68191.8986
68191.897556
68191.900448
68191.915904
68191.90904
68191.917552
68191.932732
68191.930652
68191.939548
68191.947996
68191.960764
68191.972512
68191.961292
68191.953816
68191.953816
68191.955976
68191.965948
68191.980976
68191.971868
68191.955488
68191.975648
68191.951876
68191.961716
68191.966816
68191.975564
68192.001864
68192.002948
68191.99114
68191.962088
68191.965196
68191.981576
68191.978228
68191.988868
68191.998264
68192.000376
68192.012376
68192.023948
68192.035168
68192.02336
68192.0203
68192.03142
68192.024988
68192.0426
68192.032484
68192.037744
68192.043004
68192.034812
68192.015704
68192.010964
68192.007952
68192.018992
68192.012848
68192.021104
68192.023312
68192.050012
68192.05214
68192.049344
68192.043924
68192.032352
68192.042832
68192.031436
68192.02558
68192.040428
68192.029948
68192.023276
68192.037052
68192.052712
68192.046232
68192.05852
68192.074136
68192.083816
68192.081864
68192.082876
68192.08502
68192.07102
68192.065116
68192.05764
68192.04598
68192.023048
68192.028188
68192.02622
68192.025216
68192.024084
68192.021844
68192.028704
68192.020192
68192.031412
68192.029188
68192.040868
68192.047156
68192.021812
68192.03922
68192.051232
68192.068368
68192.073428
68192.068368
68192.057648
68192.073068
68192.044844
68192.065004
68192.063036
68192.082476
68192.088716
68192.089848
68192.100408
68192.100408
68192.098296
68192.095236
68192.09114
68192.084112
68192.062112
68192.07386
68192.05372
68192.063044
68192.060224
68192.074924
68192.069544
68192.097948
68192.094204
68192.124444
68192.135084
68192.12068
68192.0994
68192.07798
68192.09894
68192.102096
68192.097328
68192.098324
68192.1016
68192.09152
68192.067408
68192.07624
68192.084688
68192.096784
68192.06442
68192.062292
68192.07778
68192.085396
68192.090776
68192.092904
68192.081068
68192.081068
68192.081068
68192.042764
68192.069864
68192.062556
68192.0687
68192.05886
68192.0567
68192.063036
68192.066168
68192.068328
68192.091596
68192.085452
68192.100684
68192.098508
68192.101496
68192.075796
68192.067476
68192.044016
68192.015716
68192.012704
68192.020404
68192.016564
68192.027044
68192.042052
68192.045472
68192.037828
68192.036816
68192.027984
68192.045264
68192.041136
68192.048276
68192.065172
68192.06192
68192.07146
68192.059652
68192.033192
68192.034196
68192.057656
68192.046296
68192.046296
68192.037784
68192.015128
68192.008324
68192.007232
68191.98144
68191.984428
68192.0032
68192.001296
68191.995248
68192.008748
68191.986208
68191.969056
68191.974156
68191.95982
68191.953532
68191.978464
68191.972964
68191.954808
68191.942268
68191.964808
68192.006088
68192.0071
68192.013772
68192.018432
68192.022464
68192.040896
68192.033252
68192.016612
68192.036292
68192.031232
68192.03936
68192.051552
68192.07496
68192.077056
68192.082476
68192.079416
68192.069256
68192.063716
68192.054104
68192.071384
68192.075608
68192.067672
68192.089596
68192.0654
68192.055284
68192.064964
68192.061832
68192.045172
68192.065616
68192.044496
68192.070396
68192.078268
68192.075208
68192.082124
68192.081112
68192.061124
68192.083476
68192.089016
68192.109156
68192.113604
68192.12794
68192.13818
68192.135048
68192.109704
68192.078344
68192.064344
68192.07182
68192.090384
68192.09906
68192.092484
68192.092484
68192.08928
68192.083616
68192.085712
68192.101012
68192.102112
68192.129436
68192.118216
68192.127896
68192.146184
68192.132924
68192.137864
68192.138836
68192.158368
68192.161428
68192.176212
68192.15386
68192.142728
68192.163644
68192.170728
68192.16852
68192.193688
68192.193688
68192.22156
68192.240136
68192.240136
68192.23156
68192.253
68192.272228
68192.257928
68192.271816
68192.267656
68192.26972
68192.278612
68192.279736
68192.28834
68192.314132
68192.321492
68192.33096
68192.338156
68192.331484
68192.328568
68192.345592
68192.327416
68192.32854
68192.324572
68192.35392
68192.33296
68192.319908
68192.339592
68192.3427
68192.35318
68192.35836
68192.37036
68192.328396
68192.336844
68192.305472
68192.308436
68192.313496
68192.31756
68192.321656
68192.316756
68192.291764
68192.287508
68192.28946
68192.295508
68192.277488
68192.276484
68192.276484
68192.283456
68192.276204
68192.271692
68192.307392
68192.308476
68192.328312
68192.309884
68192.327596
68192.3187
68192.306776
68192.309908
68192.324728
68192.325836
68192.338508
68192.353808
68192.32656
68192.329572
68192.30832
68192.28704
68192.289248
68192.299888
68192.296972
68192.2843
68192.291888
68192.280084
68192.27394
68192.252136
68192.27106
68192.275252
68192.282112
68192.284176
68192.286352
68192.291852
68192.298332
68192.303312
68192.303312
68192.287568
68192.278928
68192.289708
68192.278576
68192.291152
68192.306812
68192.302364
68192.310232
68192.302364
68192.307264
68192.33504
68192.304064
68192.299084
68192.311756
68192.310792
68192.286408
68192.289708
68192.27526
68192.286216
68192.286216
68192.264628
68192.273268
68192.254404
68192.22708
68192.243848
68192.274124
68192.267596
68192.260624
68192.246512
68192.241052
68192.230332
68192.22214
68192.220124
68192.213788
68192.206032
68192.221932
68192.214344
68192.251784
68192.273204
68192.266512
68192.256192
68192.257276
68192.283068
68192.2851
68192.278956
68192.277052
68192.278072
68192.281324
68192.27396
68192.313784
68192.317752
68192.303868
68192.291944
68192.29298
68192.277364
68192.275348
68192.276496
68192.272144
68192.262676
68192.251192
68192.255544
68192.265784
68192.266788
68192.274376
68192.275452
68192.312832
68192.313844
68192.3148
68192.303568
68192.289468
68192.30356
68192.28844
68192.273768
68192.249868
68192.254092
68192.244552
68192.232892
68192.220316
68192.219272
68192.203732
68192.202656
68192.226416
68192.24152
68192.254572
68192.257728
68192.264256
68192.294388
68192.294388
68192.295536
68192.292476
68192.284832
68192.296928
68192.288608
68192.280032
68192.283068
68192.292284
68192.292284
68192.292284
68192.281152
68192.260236
68192.246348
68192.249552
68192.28242
68192.30256
68192.30256
68192.298368
68192.285888
68192.284852
68192.278216
68192.278216
68192.278216
68192.279236
68192.266564
68192.273424
68192.252524
68192.262924
68192.255112
68192.257208
68192.23468
68192.23774
68192.22734
68192.23502
68192.241356
68192.254796
68192.261544
68192.265768
68192.259864
68192.270664
68192.268568
68192.289368
68192.272116
68192.268888
68192.274388
68192.272132
68192.285704
68192.288788
68192.298948
68192.301912
68192.305848
68192.320856
68192.322888
68192.317628
68192.33286
68192.333936
68192.351684
68192.370112
68192.338252
68192.35172
68192.373812
68192.375828
68192.3574
68192.364148
68192.354392
68192.365612
68192.378152
68192.38628
68192.402024
68192.409612
68192.395836
68192.428604
68192.424316
68192.421184
68192.430224
68192.443568
68192.44776
68192.42088
68192.401296
68192.407344
68192.412284
68192.407964
68192.411384
68192.415384
68192.415384
68192.434392
68192.4494
68192.460972
68192.452716
68192.453704
68192.447752
68192.451624
68192.445624
68192.430924
68192.403276
68192.393664
68192.391584
68192.38838
68192.401536
68192.411364
68192.403496
68192.377576
68192.388776
68192.394824
68192.38718
68192.400648
68192.408968
68192.422408
68192.423428
68192.42668
68192.417644
68192.4394
68192.438396
68192.430972
68192.420252
68192.426072
68192.452952
68192.461208
68192.474168
68192.456692
68192.449888
68192.453236
68192.445816
68192.441848
68192.448088
68192.466252
68192.493292
68192.50088
68192.496496
68192.48902
68192.48534
68192.491724
68192.499916
68192.477488
68192.471392
68192.491408
68192.476304
68192.483024
68192.488164
68192.489176
68192.46916
68192.499176
68192.494792
68192.483396
68192.467012
68192.47876
68192.500012
68192.486544
68192.46696
68192.468116
68192.471056
68192.477248
68192.483488
68192.491616
68192.488412
68192.49254
68192.49156
68192.487496
68192.473768
68192.448868
68192.435088
68192.426576
68192.430768
68192.433756
68192.426336
68192.427348
68192.42828
68192.406524
68192.391164
68192.375148
68192.380408
68192.373324
68192.363084
68192.343564
68192.326156
68192.30288
68192.315744
68192.328896
68192.332028
68192.344892
68192.365032
68192.356968
68192.356968
68192.352744
68192.364932
68192.370152
68192.376152
68192.401452
68192.410416
68192.388816
68192.387788
68192.382528
68192.373632
68192.373632
68192.372588
68192.373648
68192.383568
68192.372688
68192.36856
68192.340688
68192.324896
68192.3221
68192.29456
68192.285596
68192.300044
68192.292736
68192.305024
68192.319116
68192.324256
68192.288748
68192.283488
68192.287712
68192.28666
68192.278276
68192.285472
68192.274428
68192.258684
68192.260764
68192.25438
68192.245996
68192.245996
68192.244912
68192.263088
68192.263088
68192.259812
68192.257796
68192.254664
68192.237188
68192.238312
68192.262012
68192.246984
68192.254404
68192.2605
68192.258452
68192.24084
68192.226616
68192.218488
68192.208248
68192.183288
68192.185304
68192.200844
68192.193312
68192.190156
68192.19654
68192.208112
68192.200112
68192.195696
68192.156528
68192.166768
68192.165708
68192.153784
68192.1558
68192.169788
68192.166368
68192.179424
68192.148464
68192.17592
68192.171728
68192.145052
68192.166976
68192.135108
68192.132852
68192.127752
68192.150104
68192.147092
68192.148024
68192.170904
68192.163652
68192.171352
68192.187224
68192.19038
68192.197464
68192.182524
68192.20672
68192.212672
68192.223892
68192.215572
68192.226528
68192.223156
68192.222088
68192.201448
68192.211928
68192.201812
68192.223572
68192.242868
68192.217332
68192.213556
68192.206976
68192.228228
68192.209256
68192.210316
68192.216508
68192.21544
68192.21226
68192.224008
68192.234088
68192.242792
68192.236696
68192.262696
68192.254184
68192.25514
68192.243568
68192.248828
68192.257596
68192.230488
68192.252076
68192.246844
68192.245824
68192.24286
68192.256952
68192.237592
68192.236564
68192.247684
68192.242224
68192.223504
68192.232016
68192.220532
68192.240852
68192.237744
68192.251856
68192.270576
68192.271644
68192.259632
68192.254332
68192.249352
68192.263652
68192.267748
68192.250816
68192.255136
68192.255136
68192.276576
68192.251808
68192.266592
68192.267756
68192.26982
68192.27484
68192.28476
68192.271188
68192.292132
68192.30442
68192.327124
68192.332224
68192.344224
68192.371888
68192.36584
68192.34664
68192.34126
68192.361708
68192.358504
68192.369372
68192.366312
68192.36228
68192.348916
68192.33576
68192.323472
68192.315152
68192.301376
68192.299136
68192.307264
68192.321824
68192.340796
68192.330192
68192.324852
68192.32082
68192.319744
68192.3329
68192.343768
68192.345672
68192.378952
68192.371532
68192.374592
68192.382208
68192.387548
68192.392528
68192.395636
68192.408376
68192.41986
68192.42194
68192.426228
68192.422548
68192.427728
68192.433824
68192.454572
68192.445464
68192.429924
68192.419444
68192.430576
68192.444148
68192.435256
68192.410556
68192.396556
68192.402556
68192.399544
68192.393304
68192.387064
68192.399908
68192.411744
68192.410636
68192.42486
68192.441548
68192.435404
68192.424272
68192.395004
68192.415324
68192.41212
68192.399276
68192.401548
68192.426112
68192.43024
68192.417568
68192.438652
68192.441808
68192.443968
68192.439904
68192.469804
68192.4759
68192.46078
68192.478256
68192.488012
68192.485948
68192.51974
68192.53318
68192.525692
68192.542588
68192.546844
68192.552844
68192.52846
68192.543468
68192.559036
68192.571324
68192.545788
68192.556744
68192.553684
68192.567796
68192.555316
68192.573936
68192.591936
68192.588756
68192.575092
68192.568516
68192.566484
68192.595764
68192.591828
68192.582804
68192.587124
68192.570624
68192.5697
68192.565604
68192.544324
68192.561172
68192.54864
68192.569084
68192.54566
68192.547548
68192.539176
68192.53524
68192.518104
68192.513284
68192.508704
68192.534624
68192.539804
68192.529884
68192.524784
68192.516464
68192.517436
68192.535436
68192.531308
68192.539436
68192.552696
68192.550696
68192.537124
68192.528996
68192.522304
68192.519196
68192.514876
68192.522128
68192.518756
68192.516708
68192.549732
68192.55072
68192.568896
68192.561588
68192.522708
68192.506448
68192.524112
68192.552112
68192.558256
68192.58872
68192.58326
68192.5931
68192.58366
68192.592428
68192.588172
68192.588172
68192.554572
68192.55348
68192.561992
68192.576776
68192.571436
68192.5684
68192.56098
68192.57058
68192.555796
68192.533268
68192.535348
68192.515512
68192.53258
68192.54362
68192.555812
68192.564388
68192.564388
68192.574868
68192.596624
68192.591484
68192.604444
68192.587292
68192.558492
68192.560668
68192.561696
68192.57984
68192.574368
68192.574368
68192.595808
68192.586268
68192.571292
68192.557304
68192.536724
68192.560624
68192.539504
68192.52808
68192.53016
68192.5396
68192.5637
68192.55836
68192.5438
68192.534116
68192.545952
68192.538868
68192.54074
68192.549252
68192.557712
68192.564192
68192.5653
68192.571444
68192.575892
68192.581512
68192.588652
68192.577372
68192.575276
68192.567912
68192.562104
68192.572344
68192.570184
68192.593592
68192.598812
68192.576552
68192.583176
68192.569084
68192.569084
68192.57118
68192.56584
68192.564836
68192.562256
68192.57536
68192.55598
68192.57116
68192.568968
68192.565692
68192.563612
68192.57638
68192.599656
68192.616452
68192.616452
68192.615368
68192.602628
68192.607568
68192.598892
68192.597824
68192.593568
68192.6165
68192.608912
68192.596144
68192.602192
68192.591632
68192.5927
68192.605856
68192.614432
68192.610208
68192.633116
68192.645216
68192.64928
68192.64928
68192.66896
68192.667876
68192.692164
68192.696164
68192.682164
68192.702
68192.730836
68192.737124
68192.747284
68192.744368
68192.74538
68192.737572
68192.731236
68192.734608
68192.725212
68192.744288
68192.755248
68192.771988
68192.762808
68192.76386
68192.73284
68192.703496
68192.704572
68192.726012
68192.72806
68192.72806
68192.71414
68192.7599
68192.76422
68192.788048
68192.789108
68192.778308
68192.766032
68192.762032
68192.7715
68192.77052
68192.777548
68192.763976
68192.784876
68192.809176
68192.810244
68192.831524
68192.832656
68192.832656
68192.829452
68192.816684
68192.812524
68192.816588
68192.805948
68192.798248
68192.807572
68192.802392
68192.811356
68192.801672
68192.78948
68192.77334
68192.770136
68192.786392
68192.80638
68192.792704
68192.808124
68192.7862
68192.7862
68192.778008
68192.775308
68192.788748
68192.779208
68192.799196
68192.779676
68192.781596
68192.785788
68192.781884
68192.772992
68192.774944
68192.772848
68192.762208
68192.778592
68192.781868
68192.780744
68192.75798
68192.738108
68192.728352
68192.707908
68192.70394
68192.71682
68192.70602
68192.69648
68192.71664
68192.700128
68192.703404
68192.709064
68192.705716
68192.71858
68192.731112
68192.721788
68192.711272
68192.702072
68192.7205
68192.721656
68192.714684
68192.717552
68192.697824
68192.704256
68192.683776
68192.693388
68192.704812
68192.713388
68192.725136
68192.723136
68192.712576
68192.71488
68192.695652
68192.71564
68192.692732
68192.702272
68192.686928
68192.702468
68192.704628
68192.710772
68192.707784
68192.690248
68192.690248
68192.673588
68192.660532
68192.67036
68192.678168
68192.676264
68192.674136
68192.679556
68192.672752
68192.676624
68192.680816
68192.67106
68192.67554
68192.673604
68192.650724
68192.644388
68192.662704
68192.671668
68192.716112
68192.746388
68192.747368
68192.73922
68192.720792
68192.734676
68192.74082
68192.725076
68192.737816
68192.748456
68192.740264
68192.751924
68192.74602
68192.750148
68192.733408
68192.74594
68192.74594
68192.743908
68192.731524
68192.731524
68192.723396
68192.744692
68192.733208
68192.732108
68192.72582
68192.7312
68192.762196
68192.762196
68192.744196
68192.748516
68192.756216
68192.753036
68192.768156
68192.765964
68192.781068
68192.768684
68192.752172
68192.7334
68192.726872
68192.71798
68192.704616
68192.700392
68192.706104
68192.683864
68192.69482
68192.698756
68192.69008
68192.675184
68192.66282
68192.663896
68192.674776
68192.659236
68192.674776
68192.674776
68192.675772
68192.666592
68192.6677
68192.682596
68192.669752
68192.661816
68192.670584
68192.653016
68192.639652
68192.63594
68192.652932
68192.657912
68192.65124
68192.6406
68192.632472
68192.644856
68192.657804
68192.664188
68192.681936
68192.679952
68192.68376
68192.697748
68192.671048
68192.691036
68192.6922
68192.694296
68192.682104
68192.6842
68192.682184
68192.688472
68192.70588
68192.71106
68192.713268
68192.705736
68192.6922
68192.699564
68192.684384
68192.689564
68192.672428
68192.653656
68192.654756
68192.663524
68192.663524
68192.661412
68192.688868
68192.701636
68192.701636
68192.688676
68192.693936
68192.677424
68192.676452
68192.689028
68192.702392
68192.695028
68192.70674
68192.696984
68192.717124
68192.718184
68192.71428
68192.702972
68192.705116
68192.705116
68192.706208
68192.716036
68192.722324
68192.711764
68192.741524
68192.751952
68192.733484
68192.725164
68192.709984
68192.700948
68192.687896
68192.6889
68192.672772
68192.6749
68192.6696
68192.692692
68192.696916
68192.716644
68192.744544
68192.7577
68192.74938
68192.736164
68192.749988
68192.746712
68192.752052
68192.7329
68192.748516
68192.7609
68192.763156
68192.729972
68192.729972
68192.718356
68192.72034
68192.72988
68192.756772
68192.73834
68192.75634
68192.764264
68192.748964
68192.753188
68192.754232
68192.781132
68192.778876
68192.79224
68192.788916
68192.798528
68192.788928
68192.806636
68192.831596
68192.837176
68192.846264
68192.829196
68192.821196
68192.828492
68192.850492
68192.852476
68192.837692
68192.858492
68192.839416
68192.818364
68192.824748
68192.830328
68192.849556
68192.820672
68192.83568
68192.84616
68192.85264
68192.832804
68192.821188
68192.799716
68192.811936
68192.82
68192.822112
68192.788452
68192.776068
68192.775088
68192.801776
68192.793456
68192.802708
68192.797168
68192.771792
68192.773888
68192.778628
68192.77418
68192.765808
68192.762436
68192.773128
68192.76182
68192.733632
68192.732604
68192.7347
68192.73976
68192.75406
68192.753056
68192.743084
68192.735888
68192.721216
68192.723296
68192.748448
68192.74002
68192.730624
68192.709708
68192.714768
68192.692064
68192.690144
68192.70576
68192.711856
68192.738316
68192.763276
68192.775852
68192.79508
68192.80498
68192.803912
68192.83348
68192.804568
68192.802376
68192.802376
68192.799028
68192.770132
68192.76594
68192.787928
68192.825028
68192.818596
68192.792484
68192.769888
68192.77302
68192.776892
68192.750588
68192.751712
68192.732636
68192.728412
68192.735132
68192.713052
68192.721308
68192.721308
68192.740316
68192.730848
68192.750432
68192.7592
68192.728
68192.737756
68192.731708
68192.724844
68192.720364
68192.697804
68192.713784
68192.717132
68192.73352
68192.71352
68192.72918
68192.716604
68192.723408
68192.719056
68192.704236
68192.688936
68192.703608
68192.698228
68192.702644
68192.70074
68192.701792
68192.703904
68192.700556
68192.704524
68192.717888
68192.683584
68192.687744
68192.722724
68192.709668
68192.703476
68192.696616
68192.675816
68192.678072
68192.663064
68192.655476
68192.657572
68192.671796
68192.667016
68192.651716
68192.642032
68192.621116
68192.62
68192.611296
68192.627316
68192.606568
68192.589772
68192.598476
68192.603776
68192.61248
68192.618528
68192.630144
68192.625888
68192.647308
68192.647308
68192.651532
68192.671052
68192.670016
68192.666572
68192.663392
68192.663392
68192.665536
68192.659104
68192.652816
68192.669076
68192.670192
68192.683344
68192.664912
68192.677296
68192.687216
68192.689328
68192.687296
68192.677216
68192.698816
68192.705956
68192.709064
68192.718748
68192.701952
68192.698628
68192.691152
68192.684912
68192.672048
68192.670908
68192.658984
68192.667304
68192.678348
68192.674156
68192.67316
68192.656648
68192.655716
68192.647204
68192.635632
68192.612868
68192.627092
68192.610852
68192.604468
68192.60234
68192.583476
68192.574008
68192.579912
68192.568488
68192.557796
68192.557796
68192.575076
68192.575076
68192.561816
68192.57186
68192.57716
68192.567908
68192.589028
68192.569012
68192.558612
68192.536084
68192.541224
68192.53826
68192.529008
68192.524816
68192.523684
68192.521556
68192.511872
68192.526336
68192.533812
68192.538164
68192.527032
68192.54532
68192.551608
68192.526072
68192.551416
68192.54436
68192.541348
68192.54804
68192.53594
68192.53484
68192.52492
68192.528824
68192.529868
68192.546848
68192.534656
68192.534656
68192.521084
68192.517832
68192.536452
68192.540548
68192.53352
68192.55154
68192.554624
68192.583328
68192.599468
68192.606384
68192.616544
68192.619556
68192.618464
68192.634256
68192.649616
68192.65152
68192.646976
68192.643988
68192.653816
68192.647384
68192.6263
68192.619772
68192.614792
68192.616968
68192.596372
68192.611672
68192.6221
68192.63202
68192.653608
68192.648308
68192.666776
68192.65468
68192.652504
68192.657764
68192.641104
68192.62536
68192.65006
68192.672908
68192.681356
68192.682352
68192.68138
68192.690404
68192.708116
68192.717656
68192.739128
68192.709336
68192.690904
68192.690904
68192.701848
68192.710424
68192.709332
68192.707412
68192.714132
68192.688648
68192.681732
68192.676432
68192.69418
68192.693168
68192.67344
68192.6648
68192.671828
68192.677924
68192.691496
68192.6843
68192.6843
68192.683216
68192.662096
68192.653456
68192.652476
68192.679376
68192.681504
68192.709908
68192.724356
68192.739296
68192.723756
68192.729136
68192.734116
68192.723156
68192.711672
68192.722804
68192.725912
68192.734104
68192.72636
68192.70186
68192.705924
68192.716244
68192.683844
68192.693168
68192.693168
68192.682388
68192.688772
68192.675524
68192.690308
68192.679268
68192.69578
68192.703908
68192.694584
68192.691644
68192.672944
68192.673988
68192.675096
68192.66642
68192.662068
68192.660052
68192.662004
68192.672048
68192.701808
68192.68962
68192.682368
68192.693088
68192.709728
68192.706572
68192.700476
68192.691836
68192.673272
68192.6894
68192.676296
68192.673092
68192.670032
68192.681516
68192.674844
68192.669824
68192.655712
68192.647008
68192.658316
68192.660172
68192.663424
68192.66536
68192.656324
68192.647428
68192.652004
68192.64892
68192.637172
68192.63122
68192.644372
68192.640436
68192.655924
68192.679924
68192.683892
68192.694292
68192.69842
68192.710708
68192.703512
68192.712472
68192.712472
68192.717572
68192.728452
68192.737344
68192.759436
68192.7635
68192.750636
68192.7476
68192.75888
68192.782708
68192.782708
68192.802292
68192.799016
68192.793596
68192.806232
68192.781668
68192.763092
68192.7589
68192.762152
68192.755912
68192.764948
68192.771188
68192.775284
68192.767752
68192.754284
68192.721884
68192.732488
68192.740616
68192.72204
68192.734756
68192.742948
68192.746032
68192.768384
68192.766272
68192.755228
68192.740408
68192.711512
68192.696932
68192.683672
68192.710296
68192.701208
68192.71588
68192.73254
68192.74262
68192.74262
68192.754456
68192.765236
68192.775064
68192.795704
68192.797736
68192.798708
68192.80832
68192.815184
68192.810704
68192.803172
68192.804192
68192.7884
68192.782208
68192.797508
68192.797508
68192.792996
68192.778996
68192.78122
68192.785412
68192.800832
68192.792256
68192.763968
68192.779508
68192.776328
68192.78084
68192.80116
68192.814888
68192.830308
68192.833536
68192.837952
68192.833792
68192.841436
68192.85076
68192.87276
68192.869892
68192.893828
68192.906212
68192.921444
68192.904224
68192.934944
68192.92434
68192.94864
68192.961484
68192.968252
68192.941552
68192.957552
68192.973808
68192.97258
68192.973592
68192.986168
68192.998004
68193.010632
68193.01794
68192.99652
68192.992008
68193.01116
68193.022292
68193.031636
68193.040672
68193.038592
68193.029888
68193.023744
68193.008512
68192.99854
68193.0115
68193.02476
68192.99308
68192.99858
68192.99442
68192.990708
68193.003552
68193.012576
68192.997344
68192.985684
68192.978964
68192.972772
68192.968484
68192.982484
68192.992804
68192.988224
68193.002108
68192.992572
68192.99038
68193.007804
68192.980304
68192.960144
68192.971504
68192.982928
68192.979796
68192.978736
68192.972352
68192.984352
68192.969324
68192.977068
68192.968044
68192.964744
68192.9626
68192.959444
68192.974984
68192.96762
68192.985332
68192.987332
68192.981092
68192.998024
68192.969188
68192.967156
68192.969188
68192.96812
68192.980888
68192.963736
68192.955416
68192.95838
68192.949704
68192.947448
68192.961228
68192.95788
68192.96988
68192.944152
68192.945164
68192.95264
68192.950688
68192.949588
68192.934528
68192.939908
68192.942896
68192.948356
68192.959488
68192.97792
68192.97992
68192.960912
68192.950512
68192.964176
68192.966176
68192.94442
68192.942372
68192.942372
68192.954488
68192.958872
68192.965304
68192.955548
68192.961548
68192.963564
68192.977968
68193.008448
68193.026112
68193.032832
68193.039168
68193.038132
68193.049088
68193.058628
68193.052628
68193.044168
68193.035976
68193.050536
68193.072184
68193.075052
68193.06616
68193.062884
68193.058884
68193.062016
68193.065952
68193.072812
68193.089836
68193.090936
68193.115128
68193.108456
68193.124236
68193.109676
68193.113932
68193.112864
68193.13522
68193.155668
68193.158824
68193.140804
68193.138452
68193.154712
68193.178712
68193.165944
68193.139644
68193.141516
68193.160896
68193.150176
68193.175876
68193.181828
68193.173152
68193.179248
68193.198988
68193.184988
68193.161564
68193.172844
68193.193896
68193.200088
68193.209484
68193.221232
68193.222316
68193.220124
68193.228316
68193.20278
68193.231004
68193.234844
68193.243736
68193.247228
68193.2212
68193.218404
68193.212356
68193.190436
68193.212676
68193.201716
68193.20908
68193.234012
68193.24846
68193.218668
68193.223308
68193.252844
68193.27496
68193.282436
68193.286564
68193.325904
68193.30134
68193.321024
68193.326804
68193.32274
68193.310356
68193.305456
68193.308852
68193.307936
68193.304096
68193.328844
68193.349804
68193.353868
68193.36174
68193.379404
68193.376224
68193.38526
68193.365184
68193.383476
68193.389332
68193.390416
68193.3848
68193.370688
68193.345536
68193.353152
68193.359536
68193.361648
68193.34322
68193.356272
68193.338116
68193.335716
68193.345156
68193.344192
68193.344192
68193.348096
68193.359668
68193.351668
68193.351668
68193.330548
68193.341588
68193.336008
68193.33494
68193.335928
68193.339896
68193.341768
68193.363768
68193.371832
68193.361644
68193.387128
68193.380456
68193.368168
68193.361308
68193.368504
68193.386932
68193.37226
68193.353396
68193.329624
68193.358072
68193.376092
68193.38238
68193.37704
68193.37226
68193.350788
68193.379408
68193.386212
68193.392232
68193.388488
68193.391668
68193.384248
68193.38738
68193.3948
68193.4108
68193.402864
68193.405972
68193.411232
68193.407328
68193.43056
68193.432512
68193.426224
68193.439104
68193.456172
68193.465784
68193.453948
68193.470208
68193.469156
68193.469156
68193.472264
68193.485316
68193.479856
68193.503684
68193.497492
68193.488724
68193.493504
68193.518848
68193.517796
68193.520052
68193.521956
68193.513316
68193.523744
68193.544188
68193.543096
68193.563256
68193.562204
68193.562204
68193.551564
68193.553628
68193.54188
68193.533956
68193.517696
68193.512596
68193.502552
68193.498232
68193.513532
68193.537136
68193.5461
68193.50844
68193.510408
68193.534408
68193.546156
68193.556876
68193.549568
68193.541812
68193.528036
68193.508452
68193.507536
68193.528116
68193.520808
68193.527724
68193.526688
68193.51722
68193.518368
68193.514144
68193.508804
68193.513784
68193.508244
68193.494256
68193.480684
68193.473656
68193.45946
68193.465844
68193.487352
68193.482968
68193.487224
68193.49862
68193.506152
68193.497188
68193.505188
68193.487576
68193.473692
68193.459912
68193.459912
68193.473576
68193.448276
68193.446052
68193.450992
68193.475092
68193.484532
68193.514068
68193.484948
68193.465976
68193.469012
68193.496312
68193.488948
68193.488948
68193.488948
68193.49778
68193.49986
68193.492272
68193.497892
68193.49684
68193.51346
68193.50632
68193.482044
68193.486904
68193.475156
68193.494688
68193.487436
68193.487436
68193.482496
68193.484656
68193.514192
68193.49542
68193.51414
68193.522588
68193.528444
68193.552556
68193.551496
68193.518216
68193.532104
68193.502824
68193.505764
68193.524196
68193.516324
68193.496004
68193.511424
68193.532544
68193.563052
68193.554732
68193.567116
68193.546476
68193.550668
68193.525168
68193.549936
68193.547728
68193.54874
68193.534516
68193.54468
68193.557928
68193.536876
68193.558864
68193.577728
68193.601664
68193.600676
68193.613924
68193.588824
68193.624332
68193.631756
68193.642712
68193.651096
68193.62226
68193.624292
68193.621988
68193.635144
68193.65262
68193.64302
68193.658364
68193.68294
68193.70436
68193.71894
68193.71352
68193.717424
68193.704176
68193.697372
68193.706984
68193.716164
68193.73228
68193.73758
68193.736536
68193.72878
68193.716012
68193.709772
68193.70558
68193.692524
68193.700908
68193.707768
68193.712312
68193.702072
68193.70412
68193.70934
68193.710384
68193.716096
68193.728
68193.742448
68193.745724
68193.737468
68193.724416
68193.737744
68193.72008
68193.73056
68193.732976
68193.709708
68193.728284
68193.743628
68193.735244
68193.729384
68193.718252
68193.698092
68193.70942
68193.718124
68193.723704
68193.713064
68193.704808
68193.674996
68193.663864
68193.675064
68193.680536
68193.673816
68193.672692
68193.688148
68193.676244
68193.673088
68193.674196
68193.686772
68193.686772
68193.686772
68193.680244
68193.6934
68193.703084
68193.691072
68193.701232
68193.702316
68193.69904
68193.698092
68193.683752
68193.660844
68193.635692
68193.629068
68193.634408
68193.646696
68193.646696
68193.654284
68193.636748
68193.641004
68193.648704
68193.656628
68193.65964
68193.685944
68193.670404
68193.667128
68193.66818
68193.665264
68193.650144
68193.649116
68193.634776
68193.660504
68193.661548
68193.661548
68193.669804
68193.715564
68193.708536
68193.686936
68193.694356
68193.701552
68193.688304
68193.690352
68193.698672
68193.700896
68193.701876
68193.689396
68193.690432
68193.695612
68193.695612
68193.692672
68193.688832
68193.686832
68193.692092
68193.712092
68193.694344
68193.662424
68193.644676
68193.656776
68193.672232
68193.684328
68193.706868
68193.695908
68193.713656
68193.7213
68193.70588
68193.720984
68193.728124
68193.735548
68193.734464
68193.763584
68193.772908
68193.789976
68193.790964
68193.756384
68193.746064
68193.741904
68193.752064
68193.727872
68193.719744
68193.726272
68193.732848
68193.713264
68193.722084
68193.729
68193.72692
68193.73646
68193.720844
68193.74068
68193.722248
68193.709196
68193.702112
68193.704224
68193.678188
68193.665324
68193.656432
68193.664496
68193.668656
68193.6721
68193.6901
68193.694612
68193.685504
68193.696144
68193.720444
68193.716412
68193.698256
68193.696064
68193.690484
68193.686484
68193.679064
68193.668264
68193.65252
68193.664708
68193.658804
68193.649984
68193.660464
68193.6359
68193.654764
68193.649824
68193.63344
68193.658556
68193.649016
68193.634092
68193.6556
68193.62872
68193.602096
68193.621068
68193.623036
68193.627612
68193.622392
68193.61038
68193.595708
68193.584588
68193.609888
68193.610884
68193.590724
68193.590724
68193.583528
68193.59466
68193.574416
68193.5675
68193.577184
68193.535036
68193.52742
68193.53822
68193.5546
68193.560648
68193.576668
68193.562472
68193.564696
68193.556632
68193.538068
68193.512368
68193.538868
68193.561044
68193.559952
68193.570352
68193.583508
68193.581588
68193.57746
68193.58232
68193.591428
68193.582248
68193.602996
68193.596248
68193.61468
68193.60388
68193.61966
68193.60982
68193.593568
68193.607584
68193.611808
68193.593924
68193.591876
68193.580392
68193.580392
68193.574344
68193.583884
68193.58606
68193.570572
68193.549488
68193.541296
68193.563824
68193.578832
68193.5808
68193.588164
68193.595304
68193.609128
68193.612068
68193.593144
68193.574852
68193.57376
68193.596816
68193.572436
68193.573488
68193.595488
68193.582124
68193.581072
68193.567292
68193.579216
68193.5863
68193.5759
68193.557468
68193.562608
68193.543744
68193.553428
68193.573444
68193.5553
68193.530148
68193.530148
68193.507492
68193.51452
68193.515612
68193.520512
68193.521484
68193.528736
68193.518176
68193.5301
68193.550548
68193.557128
68193.554984
68193.549884
68193.5479
68193.567472
68193.563088
68193.529628
68193.5243
68193.519884
68193.523208
68193.514952
68193.521048
68193.52994
68193.553172
68193.571748
68193.566968
68193.574444
68193.579424
68193.55318
68193.545816
68193.56004
68193.563244
68193.551672
68193.543416
68193.563736
68193.548076
68193.539436
68193.532072
68193.541612
68193.553804
68193.5764
68193.56262
68193.543544
68193.540364
68193.542556
68193.520968
68193.529608
68193.520428
68193.512172
68193.520684
68193.539692
68193.540712
68193.551592
68193.5574
68193.577996
68193.57374
68193.559852
68193.572216
68193.579916
68193.567724
68193.568728
68193.583624
68193.575924
68193.549424
68193.547504
68193.551408
68193.562448
68193.558224
68193.540612
68193.548424
68193.527004
68193.524812
68193.542016
68193.557584
68193.563404
68193.558924
68193.553308
68193.54918
68193.534588
68193.541164
68193.560088
68193.577972
68193.57578
68193.57578
68193.55546
68193.549268
68193.519688
68193.518652
68193.496056
68193.496056
68193.495044
68193.489824
68193.49758
68193.483132
68193.495848
68193.507508
68193.482408
68193.459528
68193.464424
68193.462248
68193.458924
68193.454104
68193.44702
68193.46256
68193.450988
68193.452892
68193.478792
68193.495688
68193.50682
68193.509784
68193.509784
68193.51282
68193.499188
68193.521716
68193.513524
68193.509172
68193.51314
68193.508756
68193.525748
68193.52684
68193.521128
68193.550828
68193.563192
68193.578424
68193.576328
68193.564668
68193.593564
68193.582924
68193.608076
68193.611184
68193.62434
68193.62152
68193.620492
68193.648156
68193.632376
68193.630568
68193.640968
68193.641996
68193.655256
68193.670232
68193.653848
68193.66236
68193.65738
68193.6361
68193.642736
68193.615184
68193.635344
68193.625264
68193.606544
68193.615868
68193.629336
68193.625432
68193.635912
68193.647308
68193.641596
68193.639532
68193.642736
68193.655024
68193.645184
68193.629728
68193.623584
68193.620668
68193.63534
68193.632376
68193.629532
68193.644592
68193.646736
68193.657056
68193.65504
68193.694208
68193.71336
68193.711392
68193.703916
68193.68846
68193.71798
68193.726872
68193.71036
68193.716456
68193.7155
68193.700524
68193.712332
68193.690092
68193.677248
68193.692548
68193.678328
68193.6762
68193.67726
68193.65854
68193.6475
68193.656972
68193.643296
68193.63472
68193.61002
68193.589424
68193.575748
68193.56844
68193.564056
68193.56028
68193.571
68193.568984
68193.576628
68193.58624
68193.588256
68193.593836
68193.596728
68193.604036
68193.613288
68193.624408
68193.6402
68193.63012
68193.63506
68193.643808
68193.658704
68193.66984
68193.658128
68193.643412
68193.651412
68193.670032
68193.670032
68193.678068
68193.687464
68193.709112
68193.732696
68193.734744
68193.748408
68193.746328
68193.73308
68193.725716
68193.723668
68193.718328
68193.710236
68193.688316
68193.659048
68193.689528
68193.691512
68193.664856
68193.654856
68193.654856
68193.666076
68193.668992
68193.663652
68193.685732
68193.6782
68193.684392
68193.67172
68193.698136
68193.705108
68193.690772
68193.688772
68193.689888
68193.676736
68193.656444
68193.6647
68193.65822
68193.655948
68193.656992
68193.66576
68193.66576
68193.67742
68193.696716
68193.709352
68193.714772
68193.714772
68193.726256
68193.735508
68193.734504
68193.734504
68193.751784
68193.750604
68193.761404
68193.74948
68193.73892
68193.70724
68193.683128
68193.660568
68193.632792
68193.62122
68193.637604
68193.635364
68193.655044
68193.647624
68193.659912
68193.657928
68193.654652
68193.662072
68193.659084
68193.665516
68193.666592
68193.669532
68193.671484
68193.665244
68193.6524
68193.649124
68193.663216
68193.668436
68193.678836
68193.673376
68193.6501
68193.637236
68193.65426
68193.66962
68193.678584
68193.672004
68193.683664
68193.684668
68193.68792
68193.675248
68193.661136
68193.684192
68193.687516
68193.7039
68193.700576
68193.698416
68193.712612
68193.697432
68193.70502
68193.686592
68193.67136
68193.684516
68193.6681
68193.663812
68193.652532
68193.633012
68193.641332
68193.641332
68193.611764
68193.58002
68193.5892
68193.590292
68193.598932
68193.588292
68193.584068
68193.58508
68193.5657
68193.58304
68193.564476
68193.572604
68193.564668
68193.5678
68193.5627
68193.546444
68193.54336
68193.528956
68193.538352
68193.538352
68193.535148
68193.5058
68193.51098
68193.495108
68193.510648
68193.50852
68193.507508
68193.540904
68193.51202
68193.51202
68193.513024
68193.524068
68193.50116
68193.51586
68193.50962
68193.510656
68193.504848
68193.52246
68193.5127
68193.513768
68193.519388
68193.516136
68193.510328
68193.524212
68193.500596
68193.490516
68193.476416
68193.470956
68193.478152
68193.4749
68193.476852
68193.469844
68193.47704
68193.4741
68193.45784
68193.464812
68193.463712
68193.469664
68193.480144
68193.457548
68193.455356
68193.468604
68193.457484
68193.45428
68193.47156
68193.459464
68193.478996
68193.487764
68193.476244
68193.494964
68193.4909
68193.482152
68193.482152
68193.467748
68193.488868
68193.4754
68193.483784
68193.505864
68193.500404
68193.491008
68193.485908
68193.495588
68193.4833
68193.473184
68193.469908
68193.4509
68193.44572
68193.45148
68193.44406
68193.448444
68193.453304
68193.4474
68193.47764
68193.469
68193.4481
68193.441764
68193.448792
68193.4406
68193.431576
68193.439332
68193.4362
68193.427816
68193.412072
68193.432376
68193.429364
68193.415168
68193.42442
68193.426388
68193.443592
68193.447304
68193.454668
68193.457584
68193.469024
68193.497428
68193.507828
68193.520192
68193.53344
68193.536524
68193.5503
68193.562492
68193.543384
68193.568152
68193.55782
68193.536904
68193.531144
68193.540468
68193.550388
68193.550388
68193.559208
68193.575828
68193.578912
68193.581924
68193.572384
68193.579936
68193.578916
68193.559384
68193.565288
68193.574036
68193.58596
68193.567188
68193.579112
68193.57158
68193.56262
68193.547384
68193.548364
68193.552204
68193.546704
68193.546704
68193.542864
68193.532464
68193.53856
68193.558092
68193.586496
68193.60832
68193.610448
68193.604544
68193.601364
68193.593748
68193.585172
68193.604096
68193.597952
68193.592732
68193.606076
68193.63054
68193.638924
68193.628364
68193.632492
68193.605168
68193.59984
68193.60184
68193.59614
68193.579616
68193.57536
68193.563648
68193.551724
68193.554904
68193.58518
68193.594
68193.595044
68193.570144
68193.552124
68193.564136
68193.561124
68193.558996
68193.543316
68193.540184
68193.535896
68193.53898
68193.53898
68193.55224
68193.541812
68193.554704
68193.556688
68193.559868
68193.559868
68193.55558
68193.52654
68193.524332
68193.539788
68193.566092
68193.590092
68193.590092
68193.609624
68193.605112
68193.611352
68193.613352
68193.588584
68193.56828
68193.58418
68193.582036
68193.596372
68193.616532
68193.617528
68193.6154
68193.59806
68193.61336
68193.604468
68193.631368
68193.627272
68193.600584
68193.613064
68193.589292
68193.594312
68193.601676
68193.591776
68193.610496
68193.61256
68193.62138
68193.613124
68193.6269
68193.620612
68193.618596
68193.622788
68193.606276
68193.59104
68193.582508
68193.558044
68193.58022
68193.573472
68193.577504
68193.60232
68193.59198
68193.585836
68193.583772
68193.60528
68193.622992
68193.636044
68193.638888
68193.648356
68193.640036
68193.624164
68193.615652
68193.616704
68193.60934
68193.60376
68193.60376
68193.602652
68193.613696
68193.613696
68193.623668
68193.643656
68193.67254
68193.664784
68193.665836
68193.66484
68193.650728
68193.648584
68193.647612
68193.641992
68193.641992
68193.628316
68193.648188
68193.637788
68193.629084
68193.639776
68193.644096
68193.668016
68193.661824
68193.682572
68193.68148
68193.6763
68193.6763
68193.67068
68193.671628
68193.68686
68193.7139
68193.711868
68193.698088
68193.701004
68193.686332
68193.66918
68193.675228
68193.677228
68193.653292
68193.661484
68193.639884
68193.656504
68193.631352
68193.629336
68193.61244
68193.604964
68193.601784
68193.582072
68193.554172
68193.55116
68193.550124
68193.554412
68193.565452
68193.548656
68193.556524
68193.580624
68193.571732
68193.581272
68193.570052
68193.552168
68193.557308
68193.541768
68193.539768
68193.537656
68193.549844
68193.557096
68193.537564
68193.517724
68193.516712
68193.510904
68193.500644
68193.520216
68193.529736
68193.548844
68193.57278
68193.56702
68193.56184
68193.55622
68193.564604
68193.579064
68193.581288
68193.605116
68193.623408
68193.635684
68193.602404
68193.611108
68193.629672
68193.601176
68193.602196
68193.597256
68193.587788
68193.591916
68193.587724
68193.583724
68193.602952
68193.629196
68193.636876
68193.647436
68193.646528
68193.62272
68193.623756
68193.614576
68193.612256
68193.607196
68193.607196
68193.613676
68193.599452
68193.614992
68193.614992
68193.610864
68193.648592
68193.650512
68193.647572
68193.642232
68193.673668
68193.678608
68193.675428
68193.681524
68193.675716
68193.679136
68193.673876
68193.692032
68193.707488
68193.721164
68193.73864
68193.720976
68193.711364
68193.725588
68193.73284
68193.722412
68193.720364
68193.723592
68193.704296
68193.711436
68193.715468
68193.706144
68193.696388
68193.69328
68193.72016
68193.73472
68193.739232
68193.718316
68193.737696
68193.75864
68193.757572
68193.76338
68193.726528
68193.743028
68193.749172
68193.751348
68193.726968
68193.74284
68193.7255
68193.7255
68193.723244
68193.74782
68193.74782
68193.762328
68193.759052
68193.750348
68193.771248
68193.75202
68193.747988
68193.728148
68193.723924
68193.710352
68193.720756
68193.738036
68193.74908
68193.7702
68193.7427
68193.717116
68193.722492
68193.725432
68193.705292
68193.697872
68193.688116
68193.697224
68193.681768
68193.691288
68193.7117
68193.73266
68193.703956
68193.722532
68193.719544
68193.723928
68193.722024
68193.713128
68193.720436
68193.712244
68193.719776
68193.698016
68193.705268
68193.679768
68193.705068
68193.711404
68193.729068
68193.725768
68193.742028
68193.746188
68193.734616
68193.7557
68193.764148
68193.762084
68193.778212
68193.774276
68193.769732
68193.782404
68193.765764
68193.78904
68193.79672
68193.815584
68193.816548
68193.847508
68193.841076
68193.831248
68193.830308
68193.836788
68193.833704
68193.828804
68193.851568
68193.852636
68193.847336
68193.842116
68193.864376
68193.84684
68193.843588
68193.848768
68193.822656
68193.807088
68193.7788
68193.77256
68193.76168
68193.768064
68193.742164
68193.735972
68193.743168
68193.729492
68193.729492
68193.716436
68193.723744
68193.719232
68193.73322
68193.736448
68193.733292
68193.731004
68193.733212
68193.730908
68193.729968
68193.726524
68193.735848
68193.725128
68193.719176
68193.725512
68193.693612
68193.715788
68193.695788
68193.685868
68193.67856
68193.65808
68193.65392
68193.671456
68193.658196
68193.655136
68193.644576
68193.655708
68193.649968
68193.652256
68193.652256
68193.657516
68193.670732
68193.661984
68193.662964
68193.678864
68193.693424
68193.674652
68193.661116
68193.661116
68193.650076
68193.658844
68193.64462
68193.64462
68193.629612
68193.645868
68193.64264
68193.6364
68193.655696
68193.632604
68193.632604
68193.63576
68193.656508
68193.637068
68193.626348
68193.641288
68193.647576
68193.663256
68193.688004
68193.68456
68193.676432
68193.717772
68193.716816
68193.721956
68193.719956
68193.726052
68193.722872
68193.722872
68193.6949
68193.682612
68193.649744
68193.663316
68193.642416
68193.649948
68193.658076
68193.652736
68193.663968
68193.665012
68193.667076
68193.679556
68193.688952
68193.677592
68193.678636
68193.681888
68193.700588
68193.699616
68193.677692
68193.674488
68193.672232
68193.651112
68193.644968
68193.636904
68193.615304
68193.61924
68193.625624
68193.652872
68193.648904
68193.668588
68193.687452
68193.670428
68193.657064
68193.683272
68193.683272
68193.728044
68193.730172
68193.726044
68193.712892
68193.733692
68193.731708
68193.739708
68193.72128
68193.725408
68193.7316
68193.7124
68193.7387
68193.744652
68193.763372
68193.761372
68193.774044
68193.766568
68193.757172
68193.742112
68193.722732
68193.741308
68193.75332
68193.743924
68193.726772
68193.741444
68193.742496
68193.735188
68193.740688
68193.74166
68193.7278
68193.721176
68193.717112
68193.735404
68193.74516
68193.737096
68193.756172
68193.758252
68193.720312
68193.710152
68193.714152
68193.69644
68193.687044
68193.697016
68193.701592
68193.699384
68193.692904
68193.687244
68193.678988
68193.672556
68193.666144
68193.67472
68193.662048
68193.681056
68193.704288
68193.707372
68193.716624
68193.69942
68193.71814
68193.706044
68193.718908
68193.729952
68193.741856
68193.726676
68193.726676
68193.722836
68193.73516
68193.747612
68193.748688
68193.717404
68193.722464
68193.719332
68193.723876
68193.740944
68193.736464
68193.733428
68193.706772
68193.714836
68193.721076
68193.72212
68193.74596
68193.75118
68193.754336
68193.749116
68193.755356
68193.757564
68193.783064
68193.771864
68193.77906
68193.77808
68193.78856
68193.800924
68193.801992
68193.819196
68193.788732
68193.772472
68193.773548
68193.77044
68193.77598
68193.773112
68193.753276
68193.743808
68193.754324
68193.7554
68193.763144
68193.788488
68193.77398
68193.78022
68193.794668
68193.802368
68193.815628
68193.820928
68193.800768
68193.789056
68193.811408
68193.815792
68193.818852
68193.827556
68193.834808
68193.836808
68193.830376
68193.804708
68193.816192
68193.793792
68193.788492
68193.759144
68193.767912
68193.768804
68193.776
68193.77082
68193.764532
68193.778196
68193.777128
68193.790596
68193.779112
68193.75996
68193.76538
68193.750248
68193.758504
68193.752264
68193.747004
68193.748072
68193.730868
68193.707408
68193.70638
68193.730716
68193.711472
68193.697696
68193.678164
68193.666452
68193.645172
68193.673144
68193.656504
68193.652664
68193.664952
68193.692492
68193.699688
68193.70894
68193.71608
68193.722608
68193.729412
68193.744472
68193.745436
68193.7655
68193.747072
68193.758192
68193.761108
68193.742952
68193.727652
68193.736688
68193.75136
68193.737536
68193.728576
68193.714016
68193.73168
68193.748832
68193.763236
68193.789048
68193.786808
68193.790712
68193.781244
68193.76684
68193.805172
68193.792596
68193.786548
68193.779128
68193.791052
68193.775932
68193.7728
68193.788368
68193.798608
68193.822016
68193.830144
68193.833156
68193.822276
68193.836784
68193.83472
68193.822532
68193.834016
68193.828436
68193.848848
68193.840592
68193.826256
68193.836656
68193.83872
68193.822604
68193.808512
68193.80514
68193.815472
68193.840372
68193.846708
68193.871088
68193.883932
68193.873372
68193.870264
68193.878456
68193.873156
68193.855696
68193.868748
68193.860236
68193.87262
68193.87886
68193.855804
68193.864552
68193.847912
68193.832168
68193.824468
68193.829528
68193.842632
68193.854632
68193.8641
68193.84548
68193.83966
68193.848492
68193.85054
68193.84576
68193.836364
68193.817128
68193.837448
68193.821668
68193.847012
68193.82786
68193.849112
68193.862788
68193.867648
68193.886224
68193.88518
68193.891612
68193.865512
68193.878376
68193.871848
68193.872884
68193.893684
68193.884864
68193.866844
68193.856124
68193.867484
68193.83062
68193.81424
68193.820816
68193.807244
68193.808224
68193.791376
68193.812176
68193.795916
68193.811816
68193.794956
68193.808012
68193.82644
68193.809928
68193.814056
68193.831124
68193.832184
68193.832184
68193.846524
68193.834332
68193.837512
68193.839512
68193.813052
68193.82582
68193.805224
68193.78498
68193.7904
68193.778212
68193.778212
68193.784788
68193.770488
68193.798776
68193.792296
68193.77278
68193.767068
68193.764056
68193.767572
68193.767572
68193.75512
68193.75512
68193.746444
68193.74544
68193.769024
68193.777536
68193.781664
68193.758388
68193.733456
68193.748576
68193.742816
68193.742816
68193.734944
68193.727916
68193.72382
68193.74952
68193.74952
68193.73326
68193.732104
68193.747404
68193.745292
68193.77678
68193.806316
68193.817184
68193.81398
68193.810108
68193.803532
68193.814892
68193.830072
68193.814292
68193.812004
68193.79916
68193.78924
68193.782712
68193.774008
68193.795128
68193.789032
68193.771172
68193.7642
68193.759784
68193.744444
68193.766364
68193.774876
68193.772908
68193.771848
68193.749496
68193.748404
68193.743184
68193.740076
68193.743916
68193.757384
68193.738952
68193.738952
68193.7606
68193.74578
68193.724024
68193.734892
68193.76308
68193.75818
68193.749476
68193.74832
68193.73218
68193.744368
68193.73454
68193.733496
68193.719196
68193.712336
68193.718672
68193.748192
68193.744256
68193.728004
68193.713892
68193.686592
68193.701292
68193.685392
68193.685392
68193.699276
68193.709516
68193.705356
68193.721256
68193.729932
68193.719612
68193.738812
68193.737768
68193.757208
68193.759288
68193.764508
68193.77376
68193.78944
68193.786212
68193.798404
68193.80042
68193.771716
68193.802196
68193.814196
68193.82842
68193.81144
68193.810412
68193.810412
68193.823852
68193.809032
68193.780584
68193.755484
68193.758952
68193.765868
68193.757356
68193.747116
68193.728192
68193.715328
68193.712244
68193.72276
68193.71738
68193.745604
68193.735204
68193.751944
68193.7674
68193.757716
68193.747556
68193.770084
68193.782184
68193.782184
68193.787284
68193.795604
68193.7917
68193.77106
68193.76122
68193.757028
68193.741572
68193.714672
68193.732848
68193.720176
68193.689264
68193.714012
68193.746172
68193.766464
68193.773436
68193.778896
68193.790204
68193.793408
68193.8092
68193.8092
68193.799228
68193.81176
68193.788176
68193.77992
68193.790964
68193.827816
68193.82674
68193.83106
68193.82306
68193.81976
68193.8308
68193.817644
68193.819692
68193.810988
68193.787896
68193.793076
68193.772916
68193.768564
68193.772532
68193.75018
68193.757264
68193.739652
68193.717892
68193.717892
68193.694432
68193.710224
68193.715124
68193.723444
68193.724352
68193.724352
68193.713484
68193.713484
68193.700812
68193.70494
68193.71694
68193.680076
68193.703904
68193.709324
68193.702988
68193.692872
68193.699064
68193.694004
68193.709304
68193.688504
68193.711404
68193.697104
68193.7043
68193.701048
68193.71306
68193.720312
68193.73772
68193.739784
68193.74868
68193.740616
68193.741644
68193.731004
68193.74534
68193.741372
68193.73384
68193.72384
68193.73506
68193.730932
68193.7444
68193.76312
68193.761088
68193.761088
68193.7391
68193.76868
68193.77916
68193.77806
68193.795468
68193.808428
68193.807424
68193.811712
68193.8257
68193.81922
68193.807472
68193.812612
68193.81364
68193.830152
68193.833092
68193.833092
68193.831012
68193.826884
68193.815752
68193.832132
68193.816112
68193.825868
68193.87022
68193.860896
68193.850204
68193.850204
68193.834184
68193.836376
68193.839628
68193.835532
68193.850952
68193.805196
68193.777096
68193.760856
68193.74652
68193.750904
68193.765128
68193.774668
68193.774668
68193.786956
68193.803336
68193.804372
68193.831828
68193.825636
68193.833892
68193.818324
68193.833144
68193.83972
68193.860164
68193.863368
68193.847108
68193.853588
68193.835012
68193.83188
68193.83188
68193.8162
68193.823956
68193.857312
68193.873572
68193.864676
68193.858532
68193.831284
68193.847156
68193.840628
68193.862048
68193.854628
68193.848436
68193.815328
68193.79894
68193.79894
68193.818524
68193.816444
68193.830328
68193.835548
68193.823184
68193.84248
68193.820656
68193.818704
68193.83778
68193.841056
68193.820256
68193.820256
68193.823388
68193.827452
68193.832592
68193.810604
68193.805184
68193.798992
68193.809152
68193.79758
68193.779292
68193.7771
68193.786444
68193.780732
68193.791212
68193.796592
68193.761732
68193.751732
68193.757192
68193.763864
68193.763864
68193.762884
68193.76604
68193.754028
68193.735408
68193.742828
68193.726688
68193.727708
68193.676048
68193.677068
68193.678032
68193.673744
68193.673744
68193.638044
68193.648924
68193.666924
68193.677084
68193.646344
68193.637896
68193.637896
68193.636876
68193.644812
68193.639052
68193.60924
68193.62002
68193.59954
68193.58962
68193.580656
68193.572396
68193.570316
68193.566476
68193.561256
68193.547788
68193.528492
68193.546348
68193.531048
68193.529048
68193.521852
68193.518012
68193.521192
68193.533292
68193.535356
68193.565596
68193.586192
68193.580652
68193.572588
68193.567648
68193.596544
68193.59088
68193.591892
68193.581252
68193.586712
68193.57946
68193.577492
68193.577492
68193.547792
68193.542692
68193.532532
68193.501172
68193.487912
68193.485912
68193.474472
68193.47546
68193.477284
68193.506984
68193.46658
68193.47648
68193.4868
68193.47042
68193.478868
68193.471336
68193.479592
68193.459148
68193.470456
68193.46388
68193.449208
68193.439668
68193.440704
68193.432512
68193.422272
68193.410612
68193.40336
68193.40544
68193.387148
68193.360044
68193.378764
68193.38078
68193.37646
68193.389
68193.403196
68193.395944
68193.421096
68193.431944
68193.423112
68193.440316
68193.421848
68193.420692
68193.445072
68193.448084
68193.425028
68193.410088
68193.436312
68193.45132
68193.457704
68193.471068
68193.473244
68193.480776
68193.504044
68193.499224
68193.4913
68193.5129
68193.50812
68193.51582
68193.505776
68193.489648
68193.485296
68193.483312
68193.48654
68193.490796
68193.489712
68193.475152
68193.463844
68193.469184
68193.493932
68193.505768
68193.492924
68193.478104
68193.469212
68193.475452
68193.502152
68193.484296
68193.492552
68193.506748
68193.507808
68193.485088
68193.501792
68193.491072
68193.49304
68193.49304
68193.49304
68193.499088
68193.505136
68193.499956
68193.51882
68193.510436
68193.513544
68193.527272
68193.519272
68193.520348
68193.51124
68193.51556
68193.51764
68193.52886
68193.52886
68193.524252
68193.524252
68193.532124
68193.53422
68193.54398
68193.552944
68193.548784
68193.552944
68193.53192
68193.54358
68193.5486
68193.534376
68193.539556
68193.534096
68193.538256
68193.539332
68193.529936
68193.526828
68193.532208
68193.543516
68193.556284
68193.557416
68193.544088
68193.545132
68193.552776
68193.546152
68193.552632
68193.585244
68193.60408
68193.592276
68193.612292
68193.6112
68193.615488
68193.620388
68193.628088
68193.621512
68193.627464
68193.629704
68193.640264
68193.647432
68193.645224
68193.653928
68193.648748
68193.67184
68193.67832
68193.68056
68193.668196
68193.689096
68193.702668
68193.697568
68193.718528
68193.733468
68193.716808
68193.706248
68193.697672
68193.68986
68193.67252
68193.662476
68193.67054
68193.676252
68193.659992
68193.65218
68193.667748
68193.682308
68193.697848
68193.720312
68193.704056
68193.694228
68193.702868
68193.715712
68193.71952
68193.731904
68193.735648
68193.749532
68193.776796
68193.768192
68193.765036
68193.754476
68193.743608
68193.73484
68193.724652
68193.740332
68193.729552
68193.729552
68193.740068
68193.740068
68193.731104
68193.73328
68193.72826
68193.74554
68193.743348
68193.71378
68193.733688
68193.745612
68193.757052
68193.756008
68193.7582
68193.768028
68193.7519
68193.744872
68193.75764
68193.770004
68193.798624
68193.806688
68193.797076
68193.780308
68193.764768
68193.759148
68193.754828
68193.784828
68193.80718
68193.805324
68193.828592
68193.810032
68193.817788
68193.818784
68193.835936
68193.821712
68193.846096
68193.856524
68193.860748
68193.838488
68193.829596
68193.823308
68193.82224
68193.82872
68193.814272
68193.838736
68193.847916
68193.844784
68193.828784
68193.808304
68193.829744
68193.817996
68193.812188
68193.80342
68193.789848
68193.78878
68193.766424
68193.777064
68193.781224
68193.793224
68193.784188
68193.788444
68193.789552
68193.765264
68193.747788
68193.739084
68193.729904
68193.725808
68193.719568
68193.745236
68193.738756
68193.74082
68193.757208
68193.768728
68193.750296
68193.768916
68193.769992
68193.774504
68193.76626
68193.770772
68193.784448
68193.802112
68193.781028
68193.785316
68193.76784
68193.76282
68193.759544
68193.73396
68193.727044
68193.728008
68193.713
68193.7251
68193.753996
68193.763248
68193.755312
68193.73816
68193.73368
68193.725552
68193.718928
68193.722108
68193.736892
68193.750776
68193.729336
68193.747356
68193.753644
68193.76046
68193.754412
68193.736392
68193.75038
68193.75524
68193.741128
68193.751608
68193.743076
68193.756132
68193.7629
68193.773152
68193.767972
68193.797024
68193.802724
68193.810596
68193.835748
68193.835748
68193.850088
68193.861128
68193.843652
68193.855456
68193.855456
68193.851136
68193.837136
68193.83622
68193.850556
68193.850556
68193.869276
68193.87638
68193.879584
68193.870044
68193.879872
68193.901124
68193.8837
68193.89666
68193.914408
68193.928744
68193.929756
68193.921948
68193.932748
68193.918156
68193.912492
68193.901184
68193.9056
68193.887424
68193.889392
68193.884332
68193.892524
68193.894732
68193.901816
68193.898468
68193.904756
68193.912064
68193.916096
68193.911712
68193.919776
68193.905196
68193.913516
68193.91574
68193.91574
68193.9188
68193.93608
68193.919012
68193.890724
68193.88964
68193.893992
68193.918924
68193.949884
68193.953064
68193.944872
68193.929384
68193.931464
68193.967548
68193.969516
68193.969516
68193.985656
68193.991076
68194.023076
68194.015768
68194.012516
68193.985624
68193.977164
68193.967244
68193.986396
68193.978752
68193.95666
68193.952628
68193.946244
68193.952868
68193.941384
68193.960308
68193.964468
68193.967744
68193.980032
68193.986464
68193.982432
68193.973252
68193.947952
68193.954
68193.961104
68193.993444
68193.996624
68193.969724
68193.975064
68193.991204
68193.979204
68193.989808
68193.987632
68194.003412
68193.999188
68194.00672
68194.002528
68193.993952
68193.987856
68193.995792
68193.971152
68193.955492
68193.951172
68193.942468
68193.938212
68193.937072
68193.950852
68193.950852
68193.946756
68193.92218
68193.904704
68193.914944
68193.907456
68193.89536
68193.876352
68193.87416
68193.894908
68193.882908
68193.85908
68193.856952
68193.865916
68193.881216
68193.889984
68193.88666
68193.888884
68193.89682
68193.905204
68193.888436
68193.892404
68193.873024
68193.880276
68193.871024
68193.873136
68193.886396
68193.864136
68193.848264
68193.857608
68193.839944
68193.839944
68193.846376
68193.837124
68193.847312
68193.8443
68193.835552
68193.83662
68193.833656
68193.836788
68193.851012
68193.847808
68193.842548
68193.845728
68193.836692
68193.829664
68193.827568
68193.820652
68193.811688
68193.833444
68193.822724
68193.838144
68193.828676
68193.814792
68193.814792
68193.832676
68193.848676
68193.856804
68193.863888
68193.896656
68193.890896
68193.905792
68193.94352
68193.958752
68193.944192
68193.96584
68193.9803
68193.999136
68193.97854
68193.96528
68193.963136
68193.957232
68193.945232
68193.936196
68193.919264
68193.922348
68193.92446
68193.92348
68193.898364
68193.884064
68193.884064
68193.882
68193.881028
68193.868912
68193.849076
68193.841376
68193.852016
68193.84018
68193.853844
68193.827168
68193.82064
68193.79016
68193.78498
68193.768456
68193.7887
68193.776124
68193.805608
68193.800308
68193.783104
68193.786976
68193.763708
68193.778216
68193.76964
68193.75668
68193.763064
68193.743384
68193.74446
68193.753352
68193.756508
68193.765404
68193.771932
68193.743312
68193.75062
68193.747464
68193.736984
68193.755032
68193.755032
68193.777384
68193.778428
68193.800956
68193.828712
68193.83284
68193.827032
68193.84532
68193.83884
68193.83884
68193.855416
68193.85226
68193.849128
68193.850084
68193.863136
68193.840372
68193.816728
68193.818872
68193.805912
68193.81004
68193.80796
68193.80796
68193.819796
68193.818816
68193.840572
68193.851088
68193.853104
68193.854164
68193.836824
68193.831244
68193.847024
68193.828304
68193.846772
68193.853688
68193.8582
68193.859324
68193.864544
68193.862224
68193.861172
68193.873172
68193.876376
68193.871396
68193.860116
68193.860116
68193.857924
68193.847524
68193.841332
68193.834192
68193.814052
68193.816132
68193.831912
68193.828924
68193.796412
68193.784136
68193.787316
68193.813616
68193.806308
68193.805304
68193.806372
68193.818084
68193.848772
68193.854532
68193.86082
68193.86632
68193.867396
68193.856676
68193.842688
68193.829948
68193.813052
68193.827948
68193.843436
68193.839404
68193.838336
68193.8304
68193.824736
68193.819556
68193.809224
68193.821756
68193.8036
68193.791408
68193.798492
68193.790044
68193.764316
68193.768412
68193.76174
68193.75166
68193.779532
68193.794988
68193.791832
68193.812748
68193.837648
68193.8436
68193.83834
68193.81204
68193.798468
68193.7876
68193.767308
68193.758028
68193.766412
68193.761152
68193.747712
68193.735612
68193.729516
68193.704416
68193.693856
68193.696964
68193.688196
68193.673796
68193.671024
68193.686384
68193.706112
68193.701984
68193.74
68193.733232
68193.740708
68193.747668
68193.740852
68193.745204
68193.733808
68193.724208
68193.73944
68193.72462
68193.7135
68193.6982
68193.6878
68193.680324
68193.650976
68193.652036
68193.654132
68193.66226
68193.648272
68193.64722
68193.653968
68193.656932
68193.671024
68193.669024
68193.669024
68193.686772
68193.68882
68193.694868
68193.692644
68193.691464
68193.700428
68193.694968
68193.711736
68193.729484
68193.719004
68193.730044
68193.726816
68193.706176
68193.714996
68193.723252
68193.71472
68193.701356
68193.691356
68193.678204
68193.692028
68193.681548
68193.679292
68193.670688
68193.675468
68193.705948
68193.703008
68193.697008
68193.704432
68193.682076
68193.687496
68193.704264
68193.721876
68193.720784
68193.718108
68193.738428
68193.75304
68193.749328
68193.760812
68193.754668
68193.766956
68193.773984
68193.79088
68193.782496
68193.777396
68193.771156
68193.762836
68193.740072
68193.717896
68193.710868
68193.734452
68193.732532
68193.721972
68193.701012
68193.717152
68193.706912
68193.702656
68193.711836
68193.726776
68193.715352
68193.715352
68193.674324
68193.673352
68193.658292
68193.660372
68193.678392
68193.695732
68193.67676
68193.66074
68193.645396
68193.634264
68193.614884
68193.603312
68193.603312
68193.592972
68193.605644
68193.592204
68193.588832
68193.575616
68193.58898
68193.6077
68193.6066
68193.609732
68193.602536
68193.615068
68193.608876
68193.622864
68193.631684
68193.624488
68193.626648
68193.630712
68193.602308
68193.604308
68193.607536
68193.597996
68193.590688
68193.611772
68193.584668
68193.580412
68193.58148
68193.562708
68193.557848
68193.573084
68193.58
68193.5476
68193.569952
68193.586944
68193.60384
68193.607236
68193.600096
68193.596916
68193.591616
68193.593744
68193.6035
68193.58796
68193.589036
68193.586844
68193.589036
68193.591228
68193.566764
68193.572504
68193.590168
68193.621836
68193.612656
68193.594224
68193.599404
68193.60244
68193.5881
68193.589104
68193.592188
68193.59112
68193.593152
68193.603472
68193.596332
68193.594044
68193.606576
68193.605564
68193.610044
68193.619872
68193.593664
68193.586748
68193.58886
68193.635128
68193.60078
68193.602572
68193.606956
68193.59016
68193.60048
68193.578832
68193.557412
68193.586084
68193.593504
68193.594596
68193.569096
68193.604076
68193.575928
68193.584676
68193.578772
68193.58722
68193.588248
68193.570712
68193.591156
68193.611636
68193.597128
68193.586084
68193.595764
68193.621972
68193.614664
68193.625992
68193.64842
68193.633748
68193.664436
68193.66666
68193.664612
68193.642612
68193.656052
68193.657032
68193.652648
68193.658792
68193.690228
68193.69312
68193.679444
68193.701032
68193.7181
68193.714036
68193.706448
68193.713264
68193.719312
68193.704976
68193.697892
68193.696784
68193.703868
68193.700544
68193.677444
68193.671636
68193.658676
68193.633744
68193.629328
68193.641808
68193.637148
68193.63318
68193.640824
68193.642824
68193.642824
68193.621544
68193.633064
68193.633064
68193.641
68193.6669
68193.663816
68193.627368
68193.619112
68193.62614
68193.63238
68193.63748
68193.651256
68193.656756
68193.67098
68193.67568
68193.695516
68193.703196
68193.71468
68193.721256
68193.70066
68193.70066
68193.73306
68193.718164
68193.716084
68193.718904
68193.753752
68193.780856
68193.760108
68193.756012
68193.766652
68193.766652
68193.783292
68193.785388
68193.777912
68193.795524
68193.7817
68193.78464
68193.82062
68193.814476
68193.82888
68193.837028
68193.829028
68193.832208
68193.859872
68193.849312
68193.849312
68193.835844
68193.838052
68193.833828
68193.826072
68193.837784
68193.827544
68193.830796
68193.840956
68193.852704
68193.857024
68193.87518
68193.876288
68193.881068
68193.894124
68193.899932
68193.907296
68193.897056
68193.884108
68193.877532
68193.883072
68193.883072
68193.884108
68193.876744
68193.86308
68193.861128
68193.873844
68193.869652
68193.878484
68193.87516
68193.877224
68193.878348
68193.897068
68193.906752
68193.914116
68193.913104
68193.935632
68193.934572
68193.969132
68193.946428
68193.950844
68193.969616
68193.965776
68193.952528
68193.940432
68193.944848
68193.956656
68193.936928
68193.953068
68193.933232
68193.937232
68193.936116
68193.937104
68193.935072
68193.907408
68193.925408
68193.927456
68193.903076
68193.901172
68193.888808
68193.878408
68193.899704
68193.92524
68193.916984
68193.897452
68193.890312
68193.88362
68193.882592
68193.877292
68193.881516
68193.879436
68193.876448
68193.876448
68193.890436
68193.902184
68193.922984
68193.916648
68193.925468
68193.915308
68193.914256
68193.93312
68193.9243
68193.928172
68193.90416
68193.889488
68193.88552
68193.88104
68193.89032
68193.86656
68193.882432
68193.870244
68193.871272
68193.848568
68193.83682
68193.820564
68193.8445
68193.848628
68193.855156
68193.833556
68193.838656
68193.837516
68193.830844
68193.83388
68193.847128
68193.837208
68193.850456
68193.87934
68193.899024
68193.865364
68193.863316
68193.880212
68193.869172
68193.896004
68193.907908
68193.901668
68193.90948
68193.901096
68193.893228
68193.918188
68193.913248
68193.900972
68193.900972
68193.911692
68193.9355
68193.928076
68193.9508
68193.973708
68193.967372
68193.960844
68193.954556
68193.974236
68193.957084
68193.937096
68193.926536
68193.921476
68193.917668
68193.9049
68193.90906
68193.89036
68193.883112
68193.862952
68193.873352
68193.853192
68193.842552
68193.863636
68193.8397
68193.832336
68193.828844
68193.826828
68193.842956
68193.845872
68193.859964
68193.845024
68193.839964
68193.84422
68193.87728
68193.869972
68193.859104
68193.859104
68193.873324
68193.875564
68193.879596
68193.886172
68193.898272
68193.916436
68193.927236
68193.93032
68193.93032
68193.907088
68193.913808
68193.917936
68193.89702
68193.908856
68193.916164
68193.921424
68193.94562
68193.943556
68193.956324
68193.949352
68193.916244
68193.9128
68193.914656
68193.897632
68193.908032
68193.898708
68193.919
68193.920888
68193.926744
68193.917564
68193.909692
68193.901628
68193.897308
68193.898288
68193.895936
68193.92946
68193.91954
68193.907176
68193.916136
68193.917164
68193.917164
68193.903916
68193.895596
68193.888924
68193.89686
68193.899848
68193.905348
68193.883268
68193.898052
68193.87776
68193.889568
68193.91706
68193.924312
68193.914052
68193.925184
68193.899372
68193.898312
68193.897276
68193.893084
68193.908188
68193.917532
68193.90396
68193.884428
68193.863008
68193.858848
68193.858848
68193.846656
68193.854912
68193.858188
68193.842408
68193.816908
68193.811768
68193.820344
68193.827484
68193.834064
68193.816316
68193.80198
68193.800912
68193.781616
68193.758852
68193.754564
68193.748132
68193.755944
68193.738468
68193.722808
68193.703944
68193.726876
68193.741772
68193.739692
68193.74292
68193.734088
68193.734088
68193.721992
68193.740148
68193.736244
68193.734292
68193.734292
68193.730228
68193.720832
68193.713748
68193.703028
68193.72512
68193.724068
68193.710496
68193.700308
68193.72616
68193.733412
68193.73676
68193.719224
68193.710116
68193.709112
68193.71292
68193.700248
68193.720408
68193.72822
68193.70476
68193.69558
68193.686544
68193.688592
68193.711684
68193.706024
68193.681912
68193.664708
68193.665736
68193.673436
68193.673436
68193.674432
68193.634532
68193.62138
68193.61338
68193.606352
68193.61582
68193.601596
68193.59942
68193.57928
68193.577184
68193.58658
68193.58866
68193.587632
68193.611828
68193.63418
68193.61804
68193.60204
68193.60726
68193.625552
68193.644704
68193.649964
68193.651072
68193.661836
68193.651056
68193.653216
68193.692436
68193.684244
68193.667384
68193.667384
68193.62908
68193.63676
68193.65772
68193.65772
68193.67564
68193.666892
68193.657208
68193.660268
68193.648172
68193.659304
68193.650216
68193.657692
68193.624584
68193.618392
68193.62138
68193.61844
68193.6294
68193.591592
68193.611176
68193.614428
68193.59998
68193.602124
68193.582444
68193.559916
68193.567056
68193.560028
68193.540648
68193.535548
68193.56816
68193.545104
68193.52466
68193.52466
68193.541864
68193.543816
68193.548716
68193.553068
68193.553068
68193.535864
68193.518072
68193.52028
68193.523796
68193.537044
68193.532064
68193.526016
68193.517056
68193.509916
68193.530816
68193.519776
68193.532352
68193.537968
68193.546032
68193.53906
68193.532032
68193.503412
68193.512952
68193.515916
68193.510936
68193.526836
68193.516196
68193.498856
68193.490664
68193.47732
68193.47732
68193.47166
68193.483756
68193.487884
68193.506048
68193.506048
68193.503808
68193.493328
68193.4912
68193.4989
68193.488296
68193.507304
68193.506252
68193.535952
68193.557308
68193.562208
68193.568016
68193.580592
68193.595292
68193.605932
68193.604928
68193.615088
68193.62152
68193.610388
68193.612468
68193.613568
68193.641856
68193.642836
68193.631
68193.642132
68193.641024
68193.633548
68193.613868
68193.61492
68193.6343
68193.661548
68193.675324
68193.68358
68193.668572
68193.655324
68193.657324
68193.641184
68193.64776
68193.630992
68193.663504
68193.667984
68193.685984
68193.662524
68193.652696
68193.633976
68193.614596
68193.611296
68193.601324
68193.598216
68193.57586
68193.597156
68193.62874
68193.610884
68193.592884
68193.602964
68193.587544
68193.594796
68193.588172
68193.59728
68193.608992
68193.586452
68193.572152
68193.5422
68193.543212
68193.54428
68193.532088
68193.495548
68193.48312
68193.490652
68193.480896
68193.475756
68193.484204
68193.491456
68193.498596
68193.505028
68193.515668
68193.510648
68193.526068
68193.54068
68193.569796
68193.568664
68193.568664
68193.585644
68193.561816
68193.569404
68193.565276
68193.579196
68193.587324
68193.596504
68193.587396
68193.580704
68193.598724
68193.601832
68193.588052
68193.610016
68193.590484
68193.597156
68193.598232
68193.594104
68193.632732
68193.62348
68193.639608
68193.622584
68193.613908
68193.618228
68193.615024
68193.607604
68193.61536
68193.61104
68193.62182
68193.631576
68193.631576
68193.631576
68193.651148
68193.656808
68193.653628
68193.65798
68193.656936
68193.651756
68193.63422
68193.651152
68193.655312
68193.656372
68193.65042
68193.63512
68193.61498
68193.622916
68193.60476
68193.602568
68193.615336
68193.6282
68193.630424
68193.608952
68193.611032
68193.606936
68193.622504
68193.644092
68193.654652
68193.654652
68193.640652
68193.631948
68193.634044
68193.60168
68193.60768
68193.60222
68193.594028
68193.605248
68193.588352
68193.593852
68193.57432
68193.601776
68193.613524
68193.622848
68193.636836
68193.647076
68193.673284
68193.69008
68193.701212
68193.721212
68193.700732
68193.688828
68193.680368
68193.673984
68193.671984
68193.673052
68193.704256
68193.703148
68193.690476
68193.686316
68193.68736
68193.699744
68193.712692
68193.712692
68193.714932
68193.717108
68193.713332
68193.700564
68193.697408
68193.695408
68193.70294
68193.73534
68193.74462
68193.74462
68193.74462
68193.771036
68193.751516
68193.78198
68193.774952
68193.77382
68193.768012
68193.771288
68193.762108
68193.797808
68193.790612
68193.786612
68193.792352
68193.79016
68193.787244
68193.788328
68193.781356
68193.772716
68193.754552
68193.740776
68193.74668
68193.749884
68193.731264
68193.711104
68193.711104
68193.70142
68193.688784
68193.669632
68193.687776
68193.683616
68193.635556
68193.623896
68193.642472
68193.657576
68193.659704
68193.665164
68193.680104
68193.669624
68193.65148
68193.665144
68193.664164
68193.661128
68193.66426
68193.67482
68193.66474
68193.66474
68193.683664
68193.671184
68193.647244
68193.660608
68193.664928
68193.65648
68193.650816
68193.664928
68193.667008
68193.686388
68193.691808
68193.703248
68193.699876
68193.708644
68193.701168
68193.695788
68193.691532
68193.693596
68193.695692
68193.700832
68193.684692
68193.671732
68193.680768
68193.685908
68193.691008
68193.682176
68193.67776
68193.6825
68193.67944
68193.66832
68193.669324
68193.664384
68193.655744
68193.675904
68193.66952
68193.673424
68193.667012
68193.658372
68193.680612
68193.666832
68193.672452
68193.684024
68193.680916
68193.686496
68193.699236
68193.688016
68193.691888
68193.692876
68193.689528
68193.69156
68193.688452
68193.717796
68193.719764
68193.713764
68193.728896
68193.715936
68193.704364
68193.681484
68193.670924
68193.68232
68193.683372
68193.668968
68193.662536
68193.646036
68193.65506
68193.676312
68193.676312
68193.686792
68193.66726
68193.654
68193.642428
68193.640396
68193.632808
68193.620424
68193.625884
68193.635724
68193.640864
68193.644736
68193.660864
68193.659812
68193.677524
68193.673524
68193.675604
68193.65288
68193.64192
68193.627204
68193.657444
68193.665088
68193.63992
68193.638868
68193.638868
68193.653092
68193.62218
68193.62752
68193.613744
68193.622192
68193.613156
68193.610916
68193.616772
68193.649412
68193.638372
68193.614728
68193.621016
68193.62316
68193.641452
68193.6312
68193.62112
68193.633408
68193.6192
68193.63474
68193.62426
68193.641412
68193.653988
68193.645668
68193.645668
68193.646736
68193.65866
68193.671608
68193.688744
68193.701848
68193.695512
68193.68142
68193.68334
68193.678636
68193.67406
68193.677432
68193.66746
68193.702704
68193.687808
68193.67906
68193.678152
68193.688952
68193.689956
68193.679556
68193.680648
68193.697868
68193.688108
68193.695248
68193.706908
68193.717308
68193.703528
68193.726252
68193.737452
68193.733452
68193.730464
68193.754848
68193.74672
68193.75248
68193.75248
68193.779168
68193.780212
68193.790992
68193.773652
68193.782472
68193.783492
68193.764484
68193.770868
68193.758772
68193.775796
68193.764488
68193.77374
68193.772624
68193.795716
68193.784496
68193.776796
68193.784924
68193.776156
68193.780348
68193.74724
68193.76124
68193.757112
68193.752092
68193.764016
68193.766032
68193.755552
68193.751488
68193.756548
68193.745328
68193.734196
68193.725088
68193.719828
68193.720816
68193.707664
68193.698124
68193.691692
68193.684384
68193.6833
68193.675936
68193.691116
68193.697308
68193.688272
68193.675504
68193.699004
68193.699912
68193.692716
68193.675016
68193.682044
68193.672576
68193.668416
68193.666352
68193.674352
68193.659344
68193.664684
68193.650124
68193.67318
68193.67868
68193.671316
68193.667156
68193.64162
68193.624144
68193.632912
68193.6452
68193.630416
68193.633356
68193.645644
68193.67118
68193.675468
68193.674472
68193.685076
68193.684128
68193.678176
68193.663956
68193.642904
68193.634712
68193.662036
68193.663144
68193.650568
68193.650568
68193.64182
68193.6463
68193.660764
68193.672688
68193.677588
68193.687272
68193.699944
68193.693656
68193.68756
68193.694088
68193.681704
68193.669992
68193.673052
68193.673052
68193.648352
68193.632608
68193.627388
68193.6091
68193.595008
68193.563388
68193.560064
68193.540956
68193.53348
68193.53838
68193.526192
68193.522384
68193.537952
68193.531204
68193.546504
68193.548456
68193.533784
68193.517144
68193.499804
68193.486752
68193.50966
68193.507612
68193.5066
68193.5226
68193.50132
68193.498236
68193.485468
68193.476636
68193.470588
68193.459456
68193.443068
68193.4255
68193.404752
68193.424048
68193.431132
68193.435004
68193.43942
68193.450904
68193.44758
68193.4351
68193.422908
68193.413008
68193.422692
68193.406436
68193.397476
68193.413136
68193.408848
68193.404656
68193.422448
68193.456796
68193.472456
68193.48724
68193.495816
68193.502008
68193.491928
68193.501684
68193.483936
68193.481984
68193.489012
68193.467592
68193.476872
68193.469788
68193.474688
68193.48688
68193.487876
68193.462724
68193.459592
68193.451272
68193.455464
68193.446212
68193.438848
68193.431876
68193.453128
68193.445256
68193.438968
68193.428488
68193.444488
68193.456148
68193.452404
68193.449248
68193.44166
68193.409544
68193.407464
68193.407464
68193.424888
68193.413404
68193.409404
68193.430456
68193.439204
68193.449684
68193.426408
68193.419976
68193.423156
68193.406772
68193.416888
68193.409076
68193.405076
68193.407188
68193.397508
68193.383876
68193.37754
68193.385412
68193.388928
68193.390976
68193.396516
68193.378516
68193.384756
68193.389816
68193.383292
68193.385356
68193.392608
68193.386512
68193.377908
68193.364544
68193.367532
68193.365356
68193.356588
68193.357592
68193.378872
68193.355964
68193.345484
68193.337096
68193.351084
68193.355084
68193.352972
68193.34996
68193.358152
68193.326252
68193.324364
68193.30328
68193.302188
68193.306316
68193.276076
68193.286236
68193.29388
68193.28588
68193.292072
68193.2842
68193.269796
68193.284096
68193.293536
68193.287392
68193.28528
68193.27232
68193.273404
68193.272416
68193.264996
68193.256104
68193.259044
68193.266072
68193.257816
68193.261044
68193.253344
68193.278688
68193.268048
68193.261184
68193.253376
68193.243456
68193.24246
68193.255324
68193.246876
68193.231936
68193.232916
68193.227936
68193.242496
68193.232668
68193.254176
68193.265396
68193.250388
68193.258132
68193.243908
68193.238768
68193.230956
68193.23804
68193.255108
68193.244628
68193.257784
68193.263364
68193.270392
68193.288548
68193.309632
68193.301824
68193.297004
68193.315724
68193.295084
68193.302672
68193.29942
68193.308384
68193.326096
68193.312944
68193.319136
68193.313996
68193.320284
68193.319248
68193.321216
68193.315556
68193.319588
68193.324968
68193.32198
68193.319836
68193.312136
68193.31828
68193.317252
68193.360132
68193.360132
68193.391104
68193.392196
68193.380004
68193.368196
68193.360328
68193.370328
68193.380084
68193.36948
68193.38818
68193.381748
68193.373108
68193.348996
68193.34784
68193.346828
68193.333004
68193.31808
68193.298852
68193.316736
68193.303968
68193.313888
68193.336944
68193.333008
68193.315068
68193.324988
68193.297288
68193.310548
68193.322384
68193.325468
68193.335224
68193.338476
68193.345672
68193.345672
68193.353672
68193.33674
68193.350084
68193.344036
68193.358256
68193.3473
68193.34506
68193.337584
68193.322464
68193.32354
68193.331128
68193.37044
68193.366152
68193.380152
68193.367308
68193.346988
68193.360988
68193.367084
68193.347432
68193.330792
68193.331908
68193.315268
68193.304708
68193.2742
68193.257432
68193.251768
68193.252852
68193.24396
68193.251044
68193.244612
68193.234184
68193.222472
68193.217252
68193.240868
68193.221184
68193.200772
68193.208836
68193.192196
68193.2066
68193.200552
68193.189832
68193.177732
68193.19514
68193.187272
68193.182856
68193.172376
68193.169292
68193.176156
68193.170012
68193.163388
68193.1644
68193.160304
68193.152048
68193.171568
68193.151728
68193.15842
68193.15842
68193.15842
68193.159392
68193.133492
68193.138912
68193.144412
68193.134172
68193.113372
68193.12248
68193.11742
68193.101976
68193.096796
68193.089824
68193.099824
68193.082756
68193.075448
68193.084412
68193.07622
68193.078172
68193.083512
68193.056632
68193.058824
68193.049644
68193.05406
68193.066636
68193.045036
68193.036652
68193.013928
68193.001448
68193.006948
68193.040248
68193.067948
68193.078988
68193.060268
68193.029064
68193.013576
68193.016636
68193.030188
68193.026864
68193.013424
68193.000944
68192.994416
68192.985904
68192.999568
68192.994668
68193.004988
68193.003068
68193.004104
68193.004104
68193.00738
68192.9916
68192.979408
68192.950288
68192.933776
68192.917116
68192.944016
68192.954256
68192.967204
68192.964
68192.953308
68192.937048
68192.93358
68192.93676
68192.93158
68192.925244
68192.936284
68192.934252
68192.945912
68192.966996
68192.970964
68192.953216
68192.963856
68192.951856
68192.951856
68192.945108
68192.954504
68192.963396
68192.980932
68192.980932
68192.966372
68192.977252
68192.964676
68192.959856
68192.960924
68192.96534
68192.99462
68193.014456
68193.012296
68193.010248
68193.010248
68192.991684
68192.986664
68192.973128
68192.991556
68193.01042
68192.99548
68193.022936
68193.012456
68193.030612
68193.048468
68193.033856
68193.063296
68193.067456
68193.092556
68193.082716
68193.093276
68193.080412
68193.100704
68193.088128
68193.09126
68193.084344
68193.103352
68193.103352
68193.105432
68193.0902
68193.11212
68193.12778
68193.1326
68193.1581
68193.1592
68193.142816
68193.130432
68193.109632
68193.11666
68193.12164
68193.119608
68193.13722
68193.129092
68193.103976
68193.101992
68193.10094
68193.125504
68193.118476
68193.123456
68193.122444
68193.157424
68193.151764
68193.162564
68193.16948
68193.180612
68193.185028
68193.174148
68193.181008
68193.179972
68193.179972
68193.158372
68193.186452
68193.197496
68193.206964
68193.196804
68193.168308
68193.159412
68193.173088
68193.185664
68193.192804
68193.222596
68193.207176
68193.196044
68193.215772
68193.20852
68193.238536
68193.210888
68193.212904
68193.212904
68193.195428
68193.196416
68193.201876
68193.165092
68193.135572
68193.111744
68193.119388
68193.114088
68193.12334
68193.1288
68193.120288
68193.115148
68193.131528
68193.117976
68193.12988
68193.14388
68193.12244
68193.130888
68193.16068
68193.159604
68193.149524
68193.135016
68193.128268
68193.113208
68193.108788
68193.109856
68193.090324
68193.08826
68193.067056
68193.08598
68193.083964
68193.071772
68193.078012
68193.072912
68193.067332
68193.066264
68193.069564
68193.089244
68193.105384
68193.08772
68193.096684
68193.089264
68193.101276
68193.131552
68193.134516
68193.14688
68193.15642
68193.136692
68193.118376
68193.134888
68193.120668
68193.110988
68193.103568
68193.094244
68193.072992
68193.06448
68193.061708
68193.079132
68193.103144
68193.099048
68193.088728
68193.125308
68193.103504
68193.105504
68193.112252
68193.116092
68193.108392
68193.121028
68193.122144
68193.133104
68193.122148
68193.105508
68193.106592
68193.130784
68193.137552
68193.132292
68193.114272
68193.116272
68193.09912
68193.08864
68193.08656
68193.062364
68193.06528
68193.061956
68193.044248
68193.056248
68193.06444
68193.037192
68193.044872
68193.040744
68193.021592
68193.02482
68193.031568
68193.050268
68193.056316
68193.058428
68193.06694
68193.053472
68193.055424
68193.062844
68193.074944
68193.056108
68193.048108
68193.042408
68193.022572
68193.01614
68193.00144
68192.997344
68192.986208
68192.970668
68192.95892
68192.963016
68192.9561
68192.957152
68192.95912
68192.961104
68192.969936
68192.982468
68193.000324
68193.00864
68192.980352
68192.981388
68192.985964
68192.982568
68192.969896
68192.964476
68192.930288
68192.934704
68192.938832
68192.918756
68192.921744
68192.926
68192.91178
68192.92426
68192.927152
68192.922412
68192.919376
68192.919376
68192.925156
68192.913672
68192.918248
68192.90948
68192.88806
68192.895592
68192.89772
68192.9129
68192.903288
68192.905432
68192.890872
68192.880392
68192.871112
68192.859716
68192.867652
68192.87146
68192.84234
68192.84234
68192.840212
68192.836864
68192.838992
68192.846468
68192.825588
68192.836984
68192.834936
68192.830776
68192.8275
68192.851328
68192.83286
68192.816064
68192.831936
68192.819748
68192.816544
68192.823964
68192.835964
68192.840864
68192.839796
68192.87372
68192.88772
68192.87158
68192.862812
68192.860908
68192.852524
68192.843128
68192.84508
68192.839224
68192.860664
68192.864952
68192.874632
68192.879972
68192.885152
68192.88296
68192.876816
68192.860176
68192.862368
68192.871116
68192.85758
68192.853612
68192.860976
68192.85864
68192.875664
68192.87906
68192.90306
68192.914544
68192.917748
68192.936448
68192.895108
68192.891108
68192.889124
68192.888088
68192.892344
68192.910056
68192.9018
68192.89508
68192.894068
68192.913144
68192.917048
68192.929336
68192.912404
68192.89196
68192.88132
68192.867976
68192.869052
68192.866876
68192.861936
68192.861936
68192.883584
68192.882452
68192.862768
68192.842608
68192.818672
68192.820784
68192.817868
68192.823288
68192.817
68192.810712
68192.809572
68192.798612
68192.802868
68192.806
68192.79226
68192.76456
68192.753692
68192.751772
68192.738408
68192.724628
68192.703988
68192.678612
68192.68592
68192.69608
68192.684684
68192.700812
68192.700812
68192.68388
68192.666132
68192.660792
68192.65754
68192.634944
68192.614028
68192.630144
68192.619024
68192.644176
68192.644176
68192.635088
68192.625328
68192.630188
68192.62206
68192.639628
68192.625068
68192.629196
68192.618876
68192.618876
68192.605772
68192.58748
68192.615896
68192.604776
68192.601884
68192.61622
68192.624604
68192.620732
68192.63848
68192.6247
68192.638896
68192.633276
68192.633276
68192.637212
68192.638288
68192.648044
68192.651248
68192.668996
68192.66714
68192.657744
68192.660804
68192.637712
68192.667756
68192.656448
68192.654336
68192.657372
68192.676344
68192.695928
68192.704312
68192.684728
68192.693692
68192.673248
68192.678108
68192.677176
68192.679224
68192.694008
68192.687372
68192.694064
68192.689164
68192.683144
68192.664424
68192.648044
68192.645772
68192.640552
68192.633064
68192.646116
68192.643032
68192.64602
68192.649008
68192.65112
68192.644204
68192.644204
68192.636112
68192.647068
68192.67968
68192.694352
68192.693284
68192.683284
68192.684272
68192.672992
68192.679136
68192.680156
68192.671516
68192.678936
68192.665364
68192.6465
68192.6194
68192.645704
68192.641416
68192.622036
68192.624148
68192.618052
68192.615812
68192.636256
68192.637276
68192.658556
68192.665808
68192.639508
68192.644248
68192.628108
68192.623168
68192.625264
68192.620976
68192.609316
68192.616568
68192.601868
68192.620792
68192.637316
68192.629784
68192.652488
68192.682996
68192.663636
68192.648404
68192.66452
68192.66452
68192.650428
68192.650428
68192.652604
68192.626936
68192.637892
68192.654272
68192.653124
68192.654144
68192.63992
68192.66696
68192.648796
68192.658048
68192.655872
68192.65168
68192.648428
68192.630264
68192.619748
68192.616688
68192.623072
68192.606688
68192.614276
68192.62164
68192.637896
68192.631204
68192.646624
68192.628876
68192.646216
68192.632328
68192.647148
68192.650232
68192.617868
68192.61904
68192.6365
68192.633416
68192.644548
68192.655592
68192.664484
68192.637808
68192.647808
68192.653148
68192.663708
68192.665708
68192.645692
68192.657496
68192.642936
68192.64076
68192.6535
68192.652488
68192.650376
68192.665864
68192.668088
68192.653868
68192.65598
68192.664556
68192.683632
68192.683632
68192.707068
68192.693184
68192.706756
68192.721092
68192.717936
68192.710796
68192.731756
68192.717084
68192.69942
68192.696336
68192.690528
68192.665628
68192.654936
68192.645612
68192.653356
68192.671104
68192.668992
68192.66696
68192.670212
68192.649128
68192.630564
68192.62666
68192.633044
68192.638304
68192.63722
68192.62378
68192.613264
68192.64318
68192.634412
68192.636316
68192.642604
68192.660892
68192.658748
68192.649352
68192.659592
68192.647756
68192.643468
68192.651336
68192.661308
68192.650748
68192.647616
68192.630756
68192.640872
68192.639932
68192.62924
68192.647096
68192.647096
68192.636376
68192.642568
68192.672916
68192.662576
68192.650384
68192.675132
68192.672264
68192.666312
68192.669516
68192.663976
68192.665092
68192.657448
68192.67012
68192.694316
68192.710336
68192.702528
68192.716304
68192.69662
68192.710608
68192.689356
68192.693324
68192.697676
68192.679884
68192.672076
68192.663372
68192.67182
68192.66704
68192.658848
68192.664268
68192.623308
68192.6043
68192.598204
68192.58584
68192.575676
68192.56806
68192.5659
68192.585416
68192.57446
68192.562624
68192.567804
68192.560892
68192.56188
68192.5527
68192.556956
68192.539888
68192.549356
68192.562124
68192.582032
68192.57352
68192.556452
68192.5812
68192.568048
68192.544112
68192.524672
68192.52032
68192.543596
68192.555596
68192.575584
68192.555104
68192.550084
68192.542888
68192.563192
68192.55466
68192.57386
68192.58898
68192.594692
68192.579632
68192.599632
68192.613968
68192.61498
68192.606944
68192.611232
68192.586732
68192.594924
68192.593872
68192.6009
68192.589592
68192.596788
68192.576308
68192.596448
68192.590788
68192.612228
68192.61332
68192.59932
68192.585096
68192.598056
68192.593768
68192.586964
68192.549524
68192.568244
68192.58082
68192.60386
68192.612896
68192.648876
68192.663212
68192.65902
68192.66974
68192.682124
68192.684332
68192.673112
68192.6566
68192.654424
68192.650136
68192.653364
68192.626256
68192.63334
68192.63334
68192.650748
68192.628396
68192.643336
68192.644364
68192.64332
68192.656788
68192.661728
68192.643808
68192.632588
68192.620312
68192.61148
68192.615576
68192.620836
68192.610996
68192.613108
68192.630992
68192.649424
68192.679888
68192.681036
68192.675936
68192.708532
68192.720532
68192.70738
68192.709428
68192.714488
68192.691448
68192.6987
68192.70862
68192.679784
68192.661352
68192.64292
68192.659304
68192.644364
68192.645432
68192.663452
68192.662344
68192.673064
68192.683844
68192.681764
68192.698404
68192.708404
68192.71532
68192.713464
68192.716428
68192.709068
68192.709068
68192.7243
68192.740824
68192.75222
68192.7572
68192.759264
68192.756204
68192.748204
68192.725272
68192.701864
68192.710824
68192.70444
68192.710584
68192.725928
68192.736796
68192.735784
68192.721564
68192.725724
68192.747164
68192.7491
68192.74408
68192.73328
68192.752508
68192.762192
68192.736692
68192.738772
68192.7453
68192.7293
68192.731364
68192.730288
68192.718012
68192.715836
68192.716896
68192.709812
68192.711892
68192.706552
68192.7183
68192.73766
68192.738512
68192.753092
68192.751108
68192.73112
68192.71864
68192.72818
68192.70594
68192.708084
68192.711988
68192.696116
68192.687668
68192.693524
68192.708824
68192.712028
68192.701336
68192.702404
68192.694984
68192.692872
68192.683116
68192.671404
68192.675948
68192.65184
68192.63754
68192.664788
68192.665824
68192.667968
68192.647808
68192.657968
68192.660932
68192.6457
68192.643796
68192.64492
68192.631348
68192.613736
68192.628244
68192.630308
68192.639204
68192.631168
68192.622592
68192.617172
68192.646008
68192.659892
68192.660976
68192.666976
68192.659668
68192.68386
68192.685844
68192.701844
68192.700792
68192.730428
68192.743292
68192.73404
68192.747
68192.725948
68192.738236
68192.726224
68192.738704
68192.742576
68192.757248
68192.75414
68192.748284
68192.764424
68192.774108
68192.787472
68192.792892
68192.781496
68192.772028
68192.770012
68192.764312
68192.75434
68192.74056
68192.73566
68192.721436
68192.729948
68192.757448
68192.777692
68192.775644
68192.7695
68192.7648
68192.760704
68192.738704
68192.728304
68192.72006
68192.71456
68192.712432
68192.717412
68192.717412
68192.72984
68192.715504
68192.701828
68192.692504
68192.705044
68192.706932
68192.700016
68192.70934
68192.706136
68192.707244
68192.714384
68192.714384
68192.713452
68192.729472
68192.72194
68192.706596
68192.691056
68192.675936
68192.66874
68192.654856
68192.653844
68192.63996
68192.6349
68192.616744
68192.604524
68192.574284
68192.565536
68192.546004
68192.540904
68192.545884
68192.548968
68192.551224
68192.545884
68192.561228
68192.537216
68192.51328
68192.510292
68192.501908
68192.490864
68192.502524
68192.520188
68192.517008
68192.534756
68192.53666
68192.53552
68192.543392
68192.545456
68192.531364
68192.553716
68192.554728
68192.556904
68192.539336
68192.534156
68192.53646
68192.54528
68192.532828
68192.542172
68192.527232
68192.545244
68192.5516
68192.548372
68192.553272
68192.530232
68192.517656
68192.532956
68192.525872
68192.506
68192.494692
68192.507848
68192.476872
68192.476872
68192.476872
68192.45926
68192.46436
68192.462216
68192.461116
68192.466416
68192.466416
68192.48008
68192.48656
68192.488768
68192.493152
68192.465488
68192.459296
68192.471968
68192.46006
68192.445276
68192.455116
68192.442636
68192.410768
68192.41802
68192.412164
68192.405136
68192.399996
68192.394976
68192.382236
68192.395004
68192.385536
68192.40918
68192.398048
68192.418048
68192.41376
68192.40806
68192.400584
68192.38772
68192.40098
68192.40616
68192.42776
68192.425648
68192.4196
68192.431696
68192.435856
68192.432724
68192.415864
68192.415864
68192.427788
68192.430872
68192.422196
68192.417016
68192.415948
68192.415948
68192.421168
68192.43336
68192.44472
68192.447756
68192.45198
68192.45198
68192.464556
68192.475776
68192.463392
68192.465488
68192.475488
68192.486796
68192.49822
68192.49284
68192.506856
68192.517496
68192.503612
68192.51638
68192.515376
68192.513184
68192.513184
68192.528724
68192.514944
68192.538956
68192.528636
68192.534732
68192.542924
68192.548504
68192.57308
68192.57508
68192.592792
68192.614712
68192.636312
68192.663636
68192.63514
68192.60104
68192.58538
68192.581348
68192.57946
68192.56746
68192.549712
68192.54634
68192.540244
68192.552696
68192.551604
68192.542712
68192.561548
68192.554684
68192.56888
68192.55286
68192.550796
68192.542264
68192.547644
68192.543932
68192.554572
68192.543264
68192.535008
68192.51026
68192.514292
68192.508912
68192.494912
68192.483776
68192.460676
68192.456836
68192.477636
68192.475316
68192.477252
68192.482232
68192.46812
68192.481276
68192.461288
68192.4754
68192.478628
68192.467988
68192.445224
68192.44626
68192.439828
68192.47074
68192.466612
68192.443152
68192.46474
68192.467848
68192.432216
68192.431204
68192.441808
68192.432912
68192.452596
68192.47922
68192.48444
68192.483364
68192.489892
68192.486736
68192.512636
68192.500732
68192.51686
68192.50486
68192.500348
68192.524156
68192.505148
68192.506152
68192.5051
68192.5051
68192.488588
68192.485432
68192.501
68192.496808
68192.509192
68192.500872
68192.477772
68192.483352
68192.4801
68192.477112
68192.48316
68192.48022
68192.463324
68192.465276
68192.451704
68192.443256
68192.443256
68192.441208
68192.438196
68192.406576
68192.411556
68192.412584
68192.417192
68192.398472
68192.389192
68192.401672
68192.387372
68192.395948
68192.383084
68192.377864
68192.392872
68192.395016
68192.371372
68192.359372
68192.364392
68192.374148
68192.379648
68192.381744
68192.351932
68192.34856
68192.35398
68192.361404
68192.346104
68192.342756
68192.338468
68192.340516
68192.352228
68192.357288
68192.31092
68192.31638
68192.317456
68192.324128
68192.331828
68192.326608
68192.322544
68192.322544
68192.316884
68192.320232
68192.320232
68192.326184
68192.328456
68192.312196
68192.308896
68192.310992
68192.321552
68192.334512
68192.359612
68192.361756
68192.362728
68192.359548
68192.337308
68192.334152
68192.344632
68192.357784
68192.347464
68192.368744
68192.345652
68192.346752
68192.331092
68192.335508
68192.357472
68192.371772
68192.375708
68192.35328
68192.33248
68192.340736
68192.346356
68192.319668
68192.297668
68192.290584
68192.311836
68192.301196
68192.293944
68192.289496
68192.304436
68192.325716
68192.337524
68192.346484
68192.335684
68192.33362
68192.338004
68192.329968
68192.307204
68192.302184
68192.288612
68192.298728
68192.324728
68192.33388
68192.31966
68192.322816
68192.313492
68192.321812
68192.32402
68192.315252
68192.285492
68192.285492
68192.284416
68192.28554
68192.302064
68192.287168
68192.297088
68192.276188
68192.264988
68192.259372
68192.265996
68192.26708
68192.240248
68192.254472
68192.25236
68192.245928
68192.222652
68192.229904
68192.229904
68192.244576
68192.249636
68192.249636
68192.245636
68192.251588
68192.228312
68192.234456
68192.25804
68192.274808
68192.257144
68192.2438
68192.235736
68192.265736
68192.283736
68192.274136
68192.274136
68192.279036
68192.267516
68192.26032
68192.26032
68192.28432
68192.28432
68192.282032
68192.284144
68192.293396
68192.293396
68192.28682
68192.28682
68192.257336
68192.260108
68192.249064
68192.246888
68192.262068
68192.273352
68192.272316
68192.28164
68192.278604
68192.273468
68192.303744
68192.317004
68192.31992
68192.33486
68192.31884
68192.314648
68192.31166
68192.339848
68192.312072
68192.31106
68192.3173
68192.3397
68192.32458
68192.307012
68192.322628
68192.318084
68192.304548
68192.319848
68192.329928
68192.316152
68192.328728
68192.319896
68192.3105
68192.309504
68192.323728
68192.321744
68192.316644
68192.30928
68192.323476
68192.367312
68192.387632
68192.377152
68192.376092
68192.37422
68192.371016
68192.362696
68192.351652
68192.365876
68192.355876
68192.348008
68192.337928
68192.366812
68192.391964
68192.37102
68192.38174
68192.391496
68192.396956
68192.378236
68192.388636
68192.378556
68192.374428
68192.36838
68192.37894
68192.368968
68192.375448
68192.364404
68192.378912
68192.377836
68192.38104
68192.389232
68192.386292
68192.386292
68192.3841
68192.3821
68192.38418
68192.375988
68192.376984
68192.370792
68192.369724
68192.359752
68192.384568
68192.386792
68192.383396
68192.387684
68192.379364
68192.408036
68192.436036
68192.463144
68192.447352
68192.434872
68192.416568
68192.412216
68192.412216
68192.416312
68192.404712
68192.39314
68192.394136
68192.397268
68192.40946
68192.418356
68192.407956
68192.42498
68192.430932
68192.407496
68192.389832
68192.39396
68192.40986
68192.399816
68192.409356
68192.40836
68192.398892
68192.388092
68192.384888
68192.383892
68192.374784
68192.3633
68192.376768
68192.414032
68192.406724
68192.425876
68192.443352
68192.448572
68192.440252
68192.413576
68192.414652
68192.42342
68192.44004
68192.420052
68192.414912
68192.411804
68192.419112
68192.4374
68192.42362
68192.420344
68192.404444
68192.412904
68192.425356
68192.451468
68192.444172
68192.449432
68192.439676
68192.461032
68192.455732
68192.44978
68192.463352
68192.442232
68192.450744
68192.41954
68192.427296
68192.448348
68192.457456
68192.4777
68192.486592
68192.499956
68192.506928
68192.510832
68192.529552
68192.527488
68192.527488
68192.526396
68192.501244
68192.488572
68192.490748
68192.501468
68192.49836
68192.50374
68192.525564
68192.543852
68192.541724
68192.529052
68192.53118
68192.5379
68192.540984
68192.527412
68192.54186
68192.575652
68192.578952
68192.605724
68192.581612
68192.604844
68192.581016
68192.570536
68192.575516
68192.55766
68192.560576
68192.581856
68192.597036
68192.589392
68192.598736
68192.593916
68192.584376
68192.592132
68192.631012
68192.667012
68192.674264
68192.683228
68192.684312
68192.686328
68192.691468
68192.681784
68192.682804
68192.681744
68192.68478
68192.692088
68192.673784
68192.675704
68192.695
68192.67436
68192.65294
68192.6551
68192.65926
68192.66726
68192.674008
68192.641368
68192.652168
68192.641848
68192.639672
68192.650712
68192.636712
68192.639868
68192.635356
68192.635356
68192.638536
68192.608056
68192.606056
68192.595896
68192.591036
68192.599928
68192.576652
68192.573424
68192.548308
68192.537528
68192.553528
68192.543288
68192.546396
68192.542556
68192.5208
68192.533184
68192.529056
68192.528012
68192.491916
68192.502156
68192.496936
68192.467588
68192.477632
68192.468956
68192.478636
68192.480748
68192.475408
68192.480112
68192.483316
68192.479476
68192.482608
68192.466352
68192.490916
68192.4889
68192.4989
68192.48156
68192.48588
68192.494456
68192.452964
68192.457028
68192.443144
68192.426076
68192.413116
68192.425788
68192.423676
68192.419228
68192.425468
68192.447728
68192.464932
68192.475732
68192.464424
68192.487656
68192.471036
68192.498076
68192.50614
68192.52108
68192.52414
68192.532716
68192.525996
68192.518124
68192.517096
68192.537084
68192.525072
68192.522928
68192.545808
68192.55304
68192.565136
68192.554336
68192.555412
68192.554448
68192.5736
68192.556176
68192.573244
68192.55438
68192.556396
68192.569164
68192.552424
68192.570216
68192.5722
68192.55282
68192.541012
68192.556628
68192.564308
68192.564308
68192.560888
68192.550968
68192.540328
68192.545788
68192.553208
68192.539428
68192.544608
68192.555744
68192.54838
68192.536544
68192.550656
68192.558188
68192.5539
68192.53044
68192.53044
68192.537448
68192.537448
68192.526052
68192.519908
68192.519908
68192.500324
68192.498484
68192.482484
68192.463104
68192.46704
68192.486572
68192.495532
68192.518764
68192.5147
68192.5427
68192.539712
68192.528316
68192.516796
68192.530056
68192.521544
68192.529096
68192.543916
68192.544984
68192.545908
68192.549748
68192.543028
68192.565908
68192.579376
68192.580388
68192.587584
68192.584548
68192.601316
68192.576932
68192.548744
68192.542408
68192.548936
68192.533156
68192.539156
68192.5349
68192.546472
68192.533932
68192.530944
68192.53194
68192.513076
68192.517396
68192.48944
68192.454624
68192.440428
68192.439376
68192.450772
68192.462484
68192.477408
68192.488628
68192.485328
68192.498432
68192.47634
68192.48888
68192.50688
68192.505868
68192.488972
68192.505088
68192.506092
68192.514156
68192.496272
68192.500592
68192.51504
68192.553964
68192.551772
68192.556124
68192.561064
68192.562172
68192.574556
68192.573472
68192.585664
68192.5983
68192.60662
68192.614096
68192.59662
68192.615848
68192.57956
68192.570524
68192.546824
68192.543572
68192.573152
68192.558956
68192.544732
68192.54702
68192.563408
68192.558992
68192.563344
68192.572668
68192.566428
68192.559624
68192.553192
68192.555432
68192.584316
68192.56524
68192.554988
68192.544872
68192.548968
68192.551956
68192.546296
68192.533048
68192.527788
68192.522728
68192.501476
68192.522392
68192.536276
68192.548992
68192.536896
68192.566912
68192.576236
68192.561228
68192.527304
68192.540296
68192.522004
68192.53026
68192.53132
68192.522808
68192.511848
68192.514788
68192.509408
68192.494624
68192.50896
68192.51402
68192.494032
68192.51562
68192.52112
68192.523392
68192.511392
68192.490476
68192.484044
68192.4687
68192.481564
68192.469372
68192.481472
68192.487952
68192.499876
68192.517216
68192.549616
68192.537328
68192.522992
68192.544912
68192.52526
68192.535016
68192.535016
68192.520196
68192.507428
68192.517908
68192.497748
68192.498872
68192.49244
68192.48116
68192.489736
68192.51508
68192.511208
68192.5123
68192.509456
68192.527068
68192.531068
68192.526328
68192.473928
68192.479592
68192.483496
68192.490024
68192.504724
68192.489604
68192.481412
68192.502212
68192.504148
68192.49328
68192.48368
68192.481616
68192.476436
68192.486072
68192.498084
68192.518224
68192.512724
68192.5004
68192.49326
68192.472664
68192.452084
68192.448116
68192.445008
68192.466288
68192.482032
68192.48302
68192.489692
68192.501212
68192.506312
68192.530588
68192.525768
68192.507884
68192.505852
68192.507948
68192.508984
68192.50524
68192.51994
68192.528324
68192.526164
68192.511448
68192.51764
68192.54452
68192.569096
68192.563
68192.543164
68192.55092
68192.565032
68192.563996
68192.57238
68192.57454
68192.566284
68192.5592
68192.546912
68192.535792
68192.554412
68192.51292
68192.50774
68192.524636
68192.529116
68192.528056
68192.548652
68192.54462
68192.575084
68192.572024
68192.587804
68192.590816
68192.576704
68192.56962
68192.5642
68192.549416
68192.549416
68192.552404
68192.562304
68192.563388
68192.560232
68192.541032
68192.53684
68192.51882
68192.530216
68192.525928
68192.515148
68192.515148
68192.53662
68192.54694
68192.513088
68192.51414
68192.523824
68192.524796
68192.531132
68192.5236
68192.520492
68192.522668
68192.537728
68192.537728
68192.55234
68192.549256
68192.552436
68192.512612
68192.507032
68192.524744
68192.503156
68192.495028
68192.48
68192.46922
68192.485608
68192.49876
68192.49966
68192.4975
68192.494368
68192.503008
68192.493324
68192.485836
68192.48366
68192.461308
68192.468896
68192.458732
68192.452012
68192.473432
68192.467048
68192.471304
68192.47434
68192.461284
68192.44204
68192.454988
68192.435836
68192.437996
68192.44022
68192.448824
68192.43778
68192.456552
68192.454456
68192.425112
68192.428412
68192.402712
68192.406904
68192.402244
68192.399112
68192.428024
68192.436792
68192.439016
68192.439956
68192.413076
68192.406836
68192.402096
68192.388432
68192.403216
68192.42042
68192.42584
68192.417392
68192.428432
68192.430528
68192.443892
68192.430932
68192.442152
68192.424872
68192.420552
68192.398964
68192.387832
68192.392932
68192.3865
68192.379472
68192.374572
68192.36388
68192.376724
68192.373012
68192.393
68192.4221
68192.436996
68192.431816
68192.431816
68192.425672
68192.405532
68192.420592
68192.453104
68192.47616
68192.478224
68192.483936
68192.472628
68192.47474
68192.46426
68192.43426
68192.438132
68192.439104
68192.441216
68192.44442
68192.432408
68192.441928
68192.438964
68192.439912
68192.434812
68192.42784
68192.41384
68192.421092
68192.435876
68192.442692
68192.447012
68192.452552
68192.4742
68192.450556
68192.43014
68192.429144
68192.449144
68192.467576
68192.480152
68192.50492
68192.491036
68192.491036
68192.496376
68192.49852
68192.500456
68192.513508
68192.513508
68192.509636
68192.504416
68192.51726
68192.520176
68192.518176
68192.526176
68192.548704
68192.543564
68192.52636
68192.54142
68192.5506
68192.536716
68192.512416
68192.489696
68192.472672
68192.466288
68192.491188
68192.4922
68192.514904
68192.511844
68192.49216
68192.491036
68192.487484
68192.497168
68192.502628
68192.520484
68192.53002
68192.533248
68192.545728
68192.533452
68192.533452
68192.518992
68192.534
68192.5621
68192.558752
68192.549932
68192.55088
68192.533216
68192.505116
68192.540096
68192.566396
68192.570396
68192.573576
68192.59244
68192.583608
68192.611064
68192.593784
68192.607336
68192.622276
68192.632996
68192.659696
68192.631616
68192.617616
68192.611376
68192.600332
68192.591008
68192.578336
68192.555908
68192.543524
68192.52874
68192.51308
68192.50766
68192.490636
68192.475516
68192.48612
68192.495516
68192.4794
68192.469412
68192.482468
68192.440804
68192.445664
68192.470044
68192.477464
68192.465368
68192.455252
68192.473408
68192.459316
68192.46036
68192.47362
68192.480292
68192.496552
68192.479848
68192.459404
68192.458344
68192.455308
68192.443948
68192.450572
68192.457376
68192.458436
68192.462788
68192.457368
68192.44694
68192.45766
68192.454528
68192.449868
68192.454092
68192.451884
68192.451884
68192.462124
68192.476344
68192.484728
68192.499908
68192.491524
68192.499524
68192.499524
68192.504904
68192.51586
68192.498292
68192.499312
68192.533616
68192.507516
68192.508568
68192.484184
68192.463704
68192.451956
68192.46128
68192.45586
68192.448104
68192.436268
68192.425628
68192.438472
68192.442728
68192.43044
68192.4218
68192.40932
68192.424036
68192.4177
68192.404752
68192.423904
68192.400704
68192.400704
68192.40362
68192.42144
68192.4245
68192.42356
68192.415368
68192.419528
68192.410204
68192.415144
68192.445624
68192.464344
68192.467452
68192.461308
68192.485808
68192.481872
68192.464652
68192.473688
68192.477848
68192.460136
68192.428516
68192.410088
68192.412024
68192.408868
68192.399544
68192.396292
68192.391472
68192.385892
68192.387828
68192.362896
68192.381904
68192.371024
68192.350864
68192.340784
68192.331964
68192.336028
68192.345868
68192.349168
68192.359648
68192.360548
68192.378296
68192.378296
68192.364308
68192.35756
68192.370136
68192.353068
68192.357452
68192.354248
68192.355324
68192.35224
68192.34342
68192.349468
68192.34318
68192.361468
68192.365756
68192.361724
68192.349916
68192.36878
68192.36992
68192.38618
68192.424512
68192.408124
68192.431884
68192.423628
68192.454764
68192.431564
68192.422604
68192.440896
68192.438736
68192.429628
68192.420016
68192.431412
68192.418464
68192.408704
68192.407668
68192.413048
68192.413048
68192.409016
68192.41804
68192.441684
68192.453588
68192.45778
68192.464452
68192.4938
68192.50502
68192.471996
68192.47936
68192.51566
68192.507148
68192.472168
68192.467388
68192.47334
68192.479484
68192.488448
68192.493228
68192.506488
68192.505476
68192.508656
68192.50664
68192.495244
68192.48032
68192.468128
68192.469148
68192.49894
68192.4887
68192.520512
68192.532896
68192.540652
68192.538268
68192.562028
68192.573932
68192.566288
68192.580068
68192.599448
68192.602412
68192.6163
68192.623916
68192.595944
68192.608892
68192.595424
68192.588508
68192.578896
68192.594016
68192.58654
68192.578476
68192.571852
68192.585736
68192.5794
68192.580436
68192.575456
68192.552752
68192.547412
68192.559248
68192.551436
68192.538896
68192.526268
68192.531168
68192.539484
68192.5384
68192.55984
68192.574848
68192.57382
68192.587912
68192.569484
68192.545384
68192.555544
68192.564504
68192.5851
68192.59632
68192.59056
68192.5683
68192.57304
68192.57304
68192.566992
68192.5648
68192.54042
68192.532776
68192.531724
68192.534424
68192.55274
68192.565376
68192.586816
68192.59456
68192.595548
68192.576472
68192.572248
68192.562168
68192.563244
68192.552464
68192.528704
68192.511228
68192.518816
68192.52646
68192.504636
68192.504636
68192.485408
68192.4704
68192.458388
68192.437184
68192.450144
68192.439188
68192.457492
68192.455444
68192.451284
68192.449188
68192.477808
68192.473456
68192.45286
68192.460348
68192.459352
68192.457304
68192.461592
68192.443032
68192.450788
68192.439748
68192.41242
68192.389144
68192.404988
68192.420988
68192.42718
68192.46254
68192.475488
68192.47654
68192.484796
68192.475036
68192.474048
68192.455756
68192.457772
68192.461
68192.47348
68192.48926
68192.47336
68192.47838
68192.4763
68192.46638
68192.473688
68192.465816
68192.476244
68192.458496
68192.44096
68192.441924
68192.432452
68192.40826
68192.39116
68192.394172
68192.395288
68192.399832
68192.419972
68192.415492
68192.4048
68192.41998
68192.44174
68192.466028
68192.46492
68192.469272
68192.490932
68192.507828
68192.511128
68192.508116
68192.514212
68192.523032
68192.528692
68192.522308
68192.511668
68192.515892
68192.50664
68192.481648
68192.467312
68192.4436
68192.463388
68192.497116
68192.478648
68192.464556
68192.4603
68192.479528
68192.46502
68192.491708
68192.486808
68192.498116
68192.491684
68192.525476
68192.533008
68192.56282
68192.538244
68192.548484
68192.568624
68192.569684
68192.562096
68192.570224
68192.58206
68192.56268
68192.56036
68192.541436
68192.525564
68192.521436
68192.512796
68192.509568
68192.49114
68192.4805
68192.4805
68192.501752
68192.507752
68192.525228
68192.52416
68192.52616
68192.524064
68192.530112
68192.511644
68192.51912
68192.55678
68192.575344
68192.581392
68192.565732
68192.561508
68192.551908
68192.54986
68192.5721
68192.554896
68192.543588
68192.541364
68192.568504
68192.5834
68192.569828
68192.549688
68192.53706
68192.551508
68192.545364
68192.554256
68192.555228
68192.531468
68192.536044
68192.527916
68192.530124
68192.527304
68192.529448
68192.537064
68192.544872
68192.55988
68192.551956
68192.553924
68192.563176
68192.542732
68192.530636
68192.532908
68192.546064
68192.55928
68192.566588
68192.58952
68192.570224
68192.565124
68192.575604
68192.585924
68192.573184
68192.585088
68192.594268
68192.587932
68192.573736
68192.590504
68192.573764
68192.55418
68192.562436
68192.579076
68192.578024
68192.601852
68192.60598
68192.574608
68192.568896
68192.564864
68192.551396
68192.543076
68192.527844
68192.509124
68192.497376
68192.488992
68192.514576
68192.515636
68192.499616
68192.498652
68192.498652
68192.508264
68192.538504
68192.541708
68192.538792
68192.524284
68192.519964
68192.540764
68192.569816
68192.573976
68192.54514
68192.548392
68192.542728
68192.533608
68192.542932
68192.567864
68192.566836
68192.57346
68192.58776
68192.57264
68192.59634
68192.56224
68192.557856
68192.5496
68192.551616
68192.550556
68192.565916
68192.556592
68192.544496
68192.535244
68192.524204
68192.51452
68192.531544
68192.541228
68192.546288
68192.533904
68192.533904
68192.531856
68192.527696
68192.519996
68192.518904
68192.529224
68192.527048
68192.544628
68192.551396
68192.548384
68192.54942
68192.530844
68192.541484
68192.555472
68192.564652
68192.569632
68192.591072
68192.620832
68192.601536
68192.600604
68192.589032
68192.5859
68192.579948
68192.561216
68192.551892
68192.551892
68192.528836
68192.52164
68192.53204
68192.533004
68192.516504
68192.515428
68192.525768
68192.530948
68192.5249
68192.537744
68192.561348
68192.5593
68192.57386
68192.565348
68192.569892
68192.588864
68192.6007
68192.591088
68192.609664
68192.588224
68192.600704
68192.596576
68192.593324
68192.594368
68192.594368
68192.60224
68192.608432
68192.615796
68192.5952
68192.59414
68192.611996
68192.610976
68192.604784
68192.613028
68192.62954
68192.63492
68192.63492
68192.621704
68192.632924
68192.631904
68192.650828
68192.657068
68192.666176
68192.660128
68192.674324
68192.67842
68192.67308
68192.680332
68192.648892
68192.620444
68192.65384
68192.631664
68192.651956
68192.645236
68192.635264
68192.645744
68192.63768
68192.639744
68192.640796
68192.658544
68192.652112
68192.649244
68192.643784
68192.632652
68192.615516
68192.639324
68192.669324
68192.65358
68192.650256
68192.681456
68192.656112
68192.653872
68192.664752
68192.672508
68192.682108
68192.690044
68192.682624
68192.695884
68192.696888
68192.731192
68192.736572
68192.74102
68192.739936
68192.742876
68192.725168
68192.711284
68192.698228
68192.702516
68192.695544
68192.712612
68192.687028
68192.672312
68192.650712
68192.638232
68192.63612
68192.64684
68192.666856
68192.656776
68192.682444
68192.677144
68192.721496
68192.719048
68192.68618
68192.683024
68192.690768
68192.680652
68192.69284
68192.709224
68192.716532
68192.72082
68192.7309
68192.744992
68192.728096
68192.73742
68192.729832
68192.739372
68192.73832
68192.72878
68192.7091
68192.710096
68192.70718
68192.702636
68192.709888
68192.705504
68192.702204
68192.693244
68192.696424
68192.691164
68192.681624
68192.658392
68192.629048
68192.631192
68192.639832
68192.637704
68192.632884
68192.640248
68192.639268
68192.64888
68192.656944
68192.683152
68192.684124
68192.682076
68192.68822
68192.665312
68192.664308
68192.678644
68192.680692
68192.698984
68192.69676
68192.697868
68192.654408
68192.651588
68192.662896
68192.676048
68192.666292
68192.682932
68192.708832
68192.704352
68192.706208
68192.699968
68192.702128
68192.706384
68192.715852
68192.709852
68192.69576
68192.67998
68192.7107
68192.72236
68192.723412
68192.69362
68192.694624
68192.694624
68192.70778
68192.70436
68192.70954
68192.719368
68192.72934
68192.747628
68192.726668
68192.709464
68192.70294
68192.72358
68192.746284
68192.764284
68192.764284
68192.75692
68192.744152
68192.764292
68192.763328
68192.75998
68192.766028
68192.774796
68192.775904
68192.782096
68192.800096
68192.806288
68192.788124
68192.778204
68192.77598
68192.778092
68192.770952
68192.782172
68192.789032
68192.790028
68192.80358
68192.806952
68192.811656
68192.81372
68192.82938
68192.8377
68192.8481
68192.849192
68192.868844
68192.872048
68192.90002
68192.915812
68192.959156
68192.952072
68192.946772
68192.922208
68192.905108
68192.881108
68192.886368
68192.880588
68192.855436
68192.873184
68192.844564
68192.836472
68192.829896
68192.837204
68192.851304
68192.846044
68192.816464
68192.813284
68192.821152
68192.81888
68192.84298
68192.860184
68192.839704
68192.832396
68192.8551
68192.835992
68192.8433
68192.847588
68192.84448
68192.85496
68192.85496
68192.869052
68192.847612
68192.842072
68192.845816
68192.873788
68192.852988
68192.84694
68192.855132
68192.86964
68192.86964
68192.8847
68192.888668
68192.860912
68192.879488
68192.877248
68192.862308
68192.844516
68192.844516
68192.845656
68192.855576
68192.83046
68192.835036
68192.858864
68192.853404
68192.871968
68192.863776
68192.8551
68192.838204
68192.842364
68192.812604
68192.812604
68192.798828
68192.793328
68192.799664
68192.777904
68192.780988
68192.787948
68192.788888
68192.799128
68192.783384
68192.793864
68192.800104
68192.776828
68192.778988
68192.77054
68192.769464
68192.767608
68192.767608
68192.771576
68192.7935
68192.786136
68192.7851
68192.78004
68192.7747
68192.78814
68192.77798
68192.747964
68192.757792
68192.77104
68192.779616
68192.776604
68192.814908
68192.817944
68192.776916
68192.779736
68192.782964
68192.791712
68192.778464
68192.766364
68192.770332
68192.756316
68192.742016
68192.752496
68192.75986
68192.755924
68192.726356
68192.71372
68192.73046
68192.724796
68192.723608
68192.729992
68192.720164
68192.729416
68192.711112
68192.703244
68192.705244
68192.702208
68192.721504
68192.741024
68192.768564
68192.751988
68192.764352
68192.757492
68192.74034
68192.759568
68192.740992
68192.740992
68192.733964
68192.731884
68192.752844
68192.735232
68192.750688
68192.75822
68192.74268
68192.726408
68192.71554
68192.70658
68192.71682
68192.705336
68192.709656
68192.718168
68192.736312
68192.733276
68192.744232
68192.73804
68192.7329
68192.735204
68192.748048
68192.764548
68192.758836
68192.758836
68192.752692
68192.741652
68192.711768
68192.706348
68192.7003
68192.698076
68192.67748
68192.69414
68192.701112
68192.698952
68192.683608
68192.676188
68192.712752
68192.711708
68192.731696
68192.719696
68192.699636
68192.67114
68192.66514
68192.67586
68192.68578
68192.683652
68192.687844
68192.667704
68192.643324
68192.660256
68192.639172
68192.651096
68192.625996
68192.637656
68192.621528
68192.623528
68192.613628
68192.581708
68192.57742
68192.596936
68192.59492
68192.610152
68192.611252
68192.614312
68192.58676
68192.587788
68192.571648
68192.570612
68192.594256
68192.590192
68192.590192
68192.598192
68192.606868
68192.610288
68192.616672
68192.602996
68192.606104
68192.607076
68192.612496
68192.622828
68192.617328
68192.604272
68192.62586
68192.624744
68192.609848
68192.628548
68192.610528
68192.596852
68192.607892
68192.609048
68192.59922
68192.58492
68192.59628
68192.626744
68192.637864
68192.62506
68192.638944
68192.637916
68192.634832
68192.63696
68192.635892
68192.6504
68192.668688
68192.673136
68192.684092
68192.69038
68192.669936
68192.662796
68192.660716
68192.659672
68192.655608
68192.638404
68192.666104
68192.675864
68192.672708
68192.682464
68192.691168
68192.681916
68192.670432
68192.648844
68192.659084
68192.658104
68192.644088
68192.660828
68192.655448
68192.642488
68192.64142
68192.635228
68192.6114
68192.629976
68192.642648
68192.634836
68192.617432
68192.61356
68192.58806
68192.555696
68192.521244
68192.543596
68192.54056
68192.518132
68192.524756
68192.530804
68192.537888
68192.56472
68192.5452
68192.531004
68192.544668
68192.548828
68192.555212
68192.566972
68192.548504
68192.546408
68192.549444
68192.556212
68192.559464
68192.547716
68192.531576
68192.525528
68192.525528
68192.510744
68192.51484
68192.52026
68192.527568
68192.529696
68192.538876
68192.557192
68192.553988
68192.547844
68192.537152
68192.547792
68192.542412
68192.543512
68192.545624
68192.521624
68192.526564
68192.480304
68192.463024
68192.466372
68192.48412
68192.48902
68192.468076
68192.464608
68192.449488
68192.474832
68192.484992
68192.488832
68192.475988
68192.493192
68192.481096
68192.476808
68192.481988
68192.47322
68192.47322
68192.481476
68192.48048
68192.48582
68192.489916
68192.484376
68192.487556
68192.475268
68192.455888
68192.454932
68192.447344
68192.430704
68192.457604
68192.4586
68192.44564
68192.454216
68192.461748
68192.47026
68192.47132
68192.472316
68192.470348
68192.46406
68192.472444
68192.466348
68192.461328
68192.475812
68192.479844
68192.462984
68192.456292
68192.472912
68192.492272
68192.48376
68192.518576
68192.536864
68192.546784
68192.528012
68192.50772
68192.511784
68192.491036
68192.489084
68192.489084
68192.494224
68192.469456
68192.491056
68192.495216
68192.488076
68192.499036
68192.502972
68192.48604
68192.4798
68192.487444
68192.48636
68192.48746
68192.462692
68192.481412
68192.482416
68192.455584
68192.456596
68192.459824
68192.459824
68192.457808
68192.47696
68192.479948
68192.4872
68192.486124
68192.494636
68192.479852
68192.497276
68192.504136
68192.50306
68192.50538
68192.50106
68192.505444
68192.507284
68192.531668
68192.553588
68192.542016
68192.569344
68192.56096
68192.569852
68192.575072
68192.575072
68192.547072
68192.542944
68192.538528
68192.538528
68192.532384
68192.534512
68192.5509
68192.549816
68192.569052
68192.571212
68192.571212
68192.556764
68192.556764
68192.567984
68192.557204
68192.552184
68192.553276
68192.54742
68192.53638
68192.521932
68192.521008
68192.511396
68192.518308
68192.509128
68192.515032
68192.496024
68192.500568
68192.49746
68192.51264
68192.52272
68192.505652
68192.501428
68192.505524
68192.50868
68192.49326
68192.506624
68192.49898
68192.513316
68192.538852
68192.551488
68192.549376
68192.522676
68192.530208
68192.523124
68192.525172
68192.547896
68192.52614
68192.539712
68192.510368
68192.525428
68192.506048
68192.477552
68192.4843
68192.4843
68192.476936
68192.483684
68192.470244
68192.448324
68192.457604
68192.435008
68192.433088
68192.423692
68192.439352
68192.41524
68192.414164
68192.413048
68192.41198
68192.387968
68192.408548
68192.396068
68192.383108
68192.387428
68192.392808
68192.384552
68192.385604
68192.38362
68192.39442
68192.38434
68192.39856
68192.39958
68192.405868
68192.388528
68192.37672
68192.393232
68192.4041
68192.420216
68192.380108
68192.3728
68192.354916
68192.376036
68192.362036
68192.396084
68192.38994
68192.38888
68192.385796
68192.398952
68192.401032
68192.40402
68192.396376
68192.43522
68192.4093
68192.395748
68192.377728
68192.367728
68192.352788
68192.345032
68192.352648
68192.33588
68192.329928
68192.33746
68192.345524
68192.375524
68192.3489
68192.350948
68192.339464
68192.306356
68192.301216
68192.296396
68192.295336
68192.322168
68192.322168
68192.331276
68192.299464
68192.282724
68192.282724
68192.275472
68192.276364
68192.278636
68192.265896
68192.272232
68192.256104
68192.240424
68192.241412
68192.234884
68192.255296
68192.24224
68192.255488
68192.246236
68192.235116
68192.222444
68192.230312
68192.206696
68192.176316
68192.191616
68192.198756
68192.22602
68192.23148
68192.207468
68192.198936
68192.179284
68192.157204
68192.156224
68192.158144
68192.174784
68192.153136
68192.17584
68192.156112
68192.152884
68192.15396
68192.170728
68192.178728
68192.200484
68192.214484
68192.18474
68192.178452
68192.18168
68192.19834
68192.184872
68192.169864
68192.183956
68192.160312
68192.18004
68192.191964
68192.19638
68192.19638
68192.200668
68192.192924
68192.201244
68192.196184
68192.204696
68192.218892
68192.227468
68192.225324
68192.241004
68192.257256
68192.23868
68192.2397
68192.2397
68192.233124
68192.247796
68192.238616
68192.245756
68192.232184
68192.226472
68192.239836
68192.230656
68192.243904
68192.259584
68192.273468
68192.288028
68192.294944
68192.285836
68192.277772
68192.258044
68192.262236
68192.259932
68192.261916
68192.24758
68192.255708
68192.235872
68192.246752
68192.272672
68192.305152
68192.3136
68192.302116
68192.31108
68192.30154
68192.298696
68192.294568
68192.302548
68192.309464
68192.30308
68192.32276
68192.328952
68192.324728
68192.300164
68192.31874
68192.308224
68192.293104
68192.310528
68192.30754
68192.305396
68192.322676
68192.32058
68192.32058
68192.309008
68192.301644
68192.306864
68192.282484
68192.282484
68192.260224
68192.260224
68192.263596
68192.263596
68192.287976
68192.254868
68192.26082
68192.261904
68192.241156
68192.225856
68192.209088
68192.175968
68192.157104
68192.171952
68192.161312
68192.164132
68192.16508
68192.188348
68192.206664
68192.199468
68192.183328
68192.204532
68192.21748
68192.234632
68192.241064
68192.227076
68192.231524
68192.216628
68192.209376
68192.22326
68192.211424
68192.218508
68192.2227
68192.215168
68192.213008
68192.20354
68192.20852
68192.18342
68192.18342
68192.179132
68192.168732
68192.182928
68192.201648
68192.199392
68192.223404
68192.248152
68192.234904
68192.212476
68192.227708
68192.2359
68192.201304
68192.200268
68192.206268
68192.190364
68192.1892
68192.184592
68192.207648
68192.206556
68192.211496
68192.230792
68192.225612
68192.22236
68192.23718
68192.24414
68192.243112
68192.2713
68192.283012
68192.266116
68192.25906
68192.272948
68192.259396
68192.247208
68192.2322
68192.249132
68192.249132
68192.253324
68192.276592
68192.267568
68192.259588
68192.281412
68192.262792
68192.273432
68192.272268
68192.290288
68192.289228
68192.297292
68192.315448
68192.313224
68192.337608
68192.34086
68192.3292
68192.3292
68192.321612
68192.307116
68192.327712
68192.343168
68192.339964
68192.339964
68192.348424
68192.363656
68192.347876
68192.348936
68192.338604
68192.345084
68192.33316
68192.329812
68192.316852
68192.33242
68192.347204
68192.360568
68192.354328
68192.354328
68192.374924
68192.394364
68192.381936
68192.369396
68192.380276
68192.370952
68192.39476
68192.371996
68192.3648
68192.35358
68192.349516
68192.370768
68192.361936
68192.380496
68192.403092
68192.398964
68192.397076
68192.381076
68192.377704
68192.373352
68192.363112
68192.350056
68192.356728
68192.338872
68192.350152
68192.365692
68192.364752
68192.37704
68192.376036
68192.356596
68192.386944
68192.381088
68192.396388
68192.388068
68192.38484
68192.409656
68192.381208
68192.393484
68192.404088
68192.348804
68192.326376
68192.331676
68192.315176
68192.339752
68192.33674
68192.3398
68192.334184
68192.326428
68192.314716
68192.294396
68192.295424
68192.313988
68192.295412
68192.293252
68192.264548
68192.274376
68192.267292
68192.268336
68192.266208
68192.268336
68192.274192
68192.274192
68192.272176
68192.25464
68192.253588
68192.264548
68192.247908
68192.24684
68192.23612
68192.270936
68192.262872
68192.274972
68192.285292
68192.280352
68192.293924
68192.292052
68192.294968
68192.312888
68192.313884
68192.318012
68192.305296
68192.311248
68192.297884
68192.302424
68192.277308
68192.287912
68192.28466
68192.264584
68192.250076
68192.271196
68192.289756
68192.29166
68192.306444
68192.287724
68192.280752
68192.27798
68192.27704
68192.298244
68192.28986
68192.30652
68192.2846
68192.305048
68192.312244
68192.307988
68192.310068
68192.322344
68192.315316
68192.335476
68192.34936
68192.3361
68192.348528
68192.33352
68192.317648
68192.300036
68192.313764
68192.314728
68192.338136
68192.35202
68192.343764
68192.312804
68192.300064
